<blank> 0
<unk> 1
<s> 2
</s> 3
O 4 2375705 0.28096195532173845
LOW 5 2338607 0.5575365281113334
UP 6 479930 0.6142952886550718
NN 7 386666 0.6600242135074568
IN 8 351738 0.7016223901501618
NNP 9 318993 0.739347990346292
DT 10 268410 0.7710914090063983
JJ 11 218531 0.7969359044544504
, 12 163445 0.8162656725812009
NNS 13 156267 0.8347465369445212
CC 14 95207 0.8460061608794445
LOCATION 15 94023 0.8571257594513276
CD 16 92568 0.8680732829360291
. 17 86276 0.8782766851502511
VBD 18 85567 0.8883962377171798
ORGANIZATION 19 78923 0.8977300398516441
VBN 20 76202 0.9067420438333788
PERSON 21 74990 0.9156107110414611
RB 22 70147 0.9239066224782574
DATE 23 61309 0.9311573108081722
MISC 24 58184 0.9380384220608067
TO 25 50959 0.944065071110769
NUMBER 26 43036 0.9491547092220775
VBZ 27 42779 0.9542139533145505
VB 28 39516 0.9588872998060105
VBG 29 38701 0.9634642605957157
-RRB- 30 29399 0.966941123474105
-LRB- 31 29394 0.9704173950291706
VBP 32 25479 0.9734306604218194
PRP 33 22526 0.9760946902595211
: 34 21147 0.9785956331245608
PRP$ 35 19879 0.980946616394723
POS 36 17147 0.9829745006008437
WDT 37 16967 0.984981097167313
`` 38 14637 0.986712137064962
'' 39 14604 0.988439274228675
NNPS 40 12845 0.9899583838471283
MD 41 10419 0.9911905833889473
PERCENT 42 9813 0.9923511145439401
ORDINAL 43 8447 0.9933500961669122
JJS 44 7141 0.9941946241377471
JJR 45 6620 0.9949775362182579
DURATION 46 6290 0.9957214209594079
MONEY 47 6210 0.9964558445273796
WRB 48 5488 0.9971048810074162
WP 49 5100 0.9977080307975379
FW 50 3481 0.9981197100954621
RP 51 3041 0.9984793529409052
RBR 52 2665 0.9987945282724099
RBS 53 2572 0.9990987049900948
EX 54 2355 0.9993772182755333
$ 55 1664 0.9995740106776435
TIME 56 1607 0.9997640619938641
WP$ 57 555 0.9998296988827892
PDT 58 503 0.9998891860091482
# 59 455 0.9999429964316002
SYM 60 215 0.9999684233345172
LS 61 209 0.9999931406494457
UH 62 58 1.0
