107 0.480518
1684 0.337797
3437 0.236115
1912 0.229295
1085 0.149015
0 0.146306
698 0.115330
567 0.096310
58 0.084360
428 0.064309
563 0.062780
860 0.057826
414 0.047633
1577 0.039785
348 0.037998
1718 0.037343
686 0.029722
594 0.028803
136 0.026870
3980 0.024820
1465 0.024572
171 0.015492
862 0.011748
483 0.010308
2543 0.007605
3830 0.006437
376 0.006196
1666 0.006175
1420 0.006057
1534 0.005948
713 0.005014
475 0.004998
1405 0.004097
828 0.003963
1505 0.003782
745 0.003636
173 0.003631
34 0.003602
719 0.003283
2347 0.003200
1165 0.003161
805 0.003052
484 0.002898
747 0.002715
1171 0.002512
830 0.002371
703 0.002280
353 0.002141
1361 0.001998
697 0.001965
596 0.001916
823 0.001885
3756 0.001857
389 0.001816
526 0.001795
566 0.001787
1941 0.001727
4031 0.001710
2266 0.001708
1642 0.001682
517 0.001673
198 0.001663
3877 0.001647
651 0.001592
3684 0.001585
119 0.001523
637 0.001518
1656 0.001505
2047 0.001476
363 0.001453
580 0.001441
1419 0.001429
2007 0.001423
2542 0.001357
3495 0.001354
3561 0.001326
1758 0.001307
3633 0.001306
538 0.001285
803 0.001267
2468 0.001213
3851 0.001186
366 0.001176
3456 0.001163
3948 0.001152
3677 0.001141
990 0.001112
1352 0.001111
1663 0.001100
810 0.001087
56 0.001085
2289 0.001085
800 0.001068
2133 0.001013
819 0.001010
2189 0.001003
606 0.000997
774 0.000987
322 0.000964
1173 0.000942
21 0.000938
2268 0.000933
1126 0.000917
67 0.000912
3861 0.000907
1687 0.000907
1726 0.000868
412 0.000867
1621 0.000862
373 0.000858
1835 0.000821
2117 0.000799
3674 0.000794
1376 0.000791
3173 0.000780
3577 0.000761
925 0.000756
1553 0.000755
3592 0.000746
122 0.000746
419 0.000743
798 0.000742
3525 0.000734
916 0.000716
1074 0.000708
420 0.000699
3454 0.000692
1317 0.000686
1954 0.000681
1536 0.000680
553 0.000670
1450 0.000668
315 0.000657
840 0.000634
1029 0.000631
1522 0.000631
1483 0.000630
460 0.000621
708 0.000611
3501 0.000610
1086 0.000604
1289 0.000594
395 0.000590
304 0.000589
3440 0.000588
2199 0.000584
609 0.000580
2143 0.000566
497 0.000565
1593 0.000553
1688 0.000550
2642 0.000548
1847 0.000543
2283 0.000541
1193 0.000538
3962 0.000537
1334 0.000535
641 0.000535
1098 0.000534
1070 0.000533
2038 0.000528
1136 0.000521
1509 0.000508
1926 0.000503
856 0.000500
285 0.000499
3989 0.000489
3797 0.000488
3540 0.000487
513 0.000482
772 0.000472
213 0.000468
3750 0.000464
1537 0.000458
2081 0.000455
2384 0.000449
1617 0.000448
3721 0.000444
2512 0.000441
3550 0.000439
1338 0.000436
3872 0.000434
3651 0.000434
601 0.000427
1540 0.000422
3886 0.000420
1702 0.000416
391 0.000412
2111 0.000412
500 0.000410
169 0.000402
422 0.000386
908 0.000385
525 0.000385
921 0.000382
3556 0.000370
857 0.000369
2054 0.000362
804 0.000362
2176 0.000358
3692 0.000358
3101 0.000357
324 0.000357
370 0.000348
2328 0.000344
465 0.000334
339 0.000328
1590 0.000326
561 0.000323
456 0.000320
590 0.000311
2333 0.000311
1806 0.000308
917 0.000306
1369 0.000302
3263 0.000296
2292 0.000295
2128 0.000293
1178 0.000293
3943 0.000292
559 0.000290
374 0.000289
400 0.000285
542 0.000282
1360 0.000276
1518 0.000275
2325 0.000275
3487 0.000275
1312 0.000275
1555 0.000274
2302 0.000266
1574 0.000266
1584 0.000264
1523 0.000264
2247 0.000258
2869 0.000258
2072 0.000256
436 0.000250
2336 0.000247
2510 0.000244
492 0.000244
1217 0.000243
1028 0.000241
1549 0.000240
2031 0.000238
2498 0.000237
402 0.000234
1274 0.000234
531 0.000232
2327 0.000231
2511 0.000227
423 0.000222
2419 0.000222
2472 0.000222
2102 0.000220
2032 0.000216
2598 0.000216
1782 0.000216
360 0.000216
2398 0.000215
2132 0.000215
431 0.000214
1513 0.000214
461 0.000212
2068 0.000211
1182 0.000211
387 0.000208
2282 0.000206
1109 0.000206
1545 0.000205
2509 0.000201
2174 0.000200
1909 0.000197
520 0.000197
1825 0.000196
503 0.000194
1226 0.000194
2491 0.000192
1358 0.000191
1783 0.000189
504 0.000189
1237 0.000185
1911 0.000184
1327 0.000183
308 0.000178
3723 0.000177
1945 0.000175
1863 0.000175
2451 0.000175
524 0.000172
2617 0.000172
463 0.000170
7 0.000170
3385 0.000166
156 0.000165
1618 0.000163
3741 0.000162
1197 0.000162
2087 0.000160
2629 0.000160
80 0.000160
515 0.000159
2417 0.000158
417 0.000157
1077 0.000155
507 0.000155
1431 0.000154
2368 0.000154
1800 0.000153
439 0.000151
2026 0.000150
2071 0.000150
2399 0.000150
1511 0.000148
455 0.000148
3111 0.000147
2223 0.000147
1307 0.000144
2250 0.000143
604 0.000143
146 0.000141
2501 0.000141
2461 0.000140
1846 0.000138
3258 0.000138
1425 0.000137
2344 0.000137
1730 0.000137
1485 0.000135
645 0.000135
2319 0.000135
930 0.000134
2313 0.000134
2138 0.000134
1985 0.000132
438 0.000130
2471 0.000130
1088 0.000129
2153 0.000129
1626 0.000129
3961 0.000128
3609 0.000127
2203 0.000126
1866 0.000126
2127 0.000125
397 0.000124
1947 0.000122
506 0.000121
388 0.000119
3020 0.000119
1888 0.000118
1620 0.000117
2116 0.000116
1458 0.000116
1320 0.000115
2187 0.000115
3265 0.000114
2233 0.000114
2951 0.000114
432 0.000113
1013 0.000113
1768 0.000112
452 0.000112
378 0.000111
591 0.000111
1408 0.000110
951 0.000108
1964 0.000108
434 0.000108
3019 0.000108
2394 0.000107
1959 0.000106
683 0.000106
1692 0.000105
2529 0.000105
2183 0.000105
2294 0.000105
2279 0.000105
2458 0.000104
1328 0.000103
1939 0.000103
269 0.000102
1972 0.000101
1813 0.000101
1128 0.000101
2224 0.000099
2730 0.000099
769 0.000099
915 0.000098
1494 0.000098
3248 0.000097
2616 0.000097
2389 0.000097
1604 0.000097
1440 0.000096
2594 0.000096
408 0.000095
150 0.000095
2155 0.000095
2062 0.000095
103 0.000094
546 0.000094
404 0.000094
544 0.000094
2863 0.000094
3100 0.000093
1435 0.000093
2649 0.000093
3406 0.000092
2042 0.000091
2264 0.000090
2142 0.000090
2364 0.000090
556 0.000089
896 0.000089
1277 0.000089
962 0.000088
1883 0.000087
1973 0.000087
1745 0.000086
1622 0.000086
2533 0.000086
1114 0.000085
1612 0.000085
3154 0.000085
946 0.000085
1827 0.000084
1995 0.000083
1238 0.000083
405 0.000082
2475 0.000082
1210 0.000082
2171 0.000081
2724 0.000081
392 0.000080
527 0.000080
2508 0.000079
3397 0.000079
472 0.000079
1761 0.000079
1472 0.000079
1951 0.000078
416 0.000078
2547 0.000078
1808 0.000078
2003 0.000078
350 0.000078
3291 0.000078
1487 0.000077
2608 0.000076
457 0.000076
514 0.000076
427 0.000075
516 0.000075
1852 0.000075
554 0.000075
1377 0.000075
2284 0.000074
1480 0.000073
2267 0.000073
1567 0.000072
2592 0.000072
1598 0.000072
369 0.000071
1104 0.000071
2463 0.000071
1778 0.000071
1746 0.000070
469 0.000070
2643 0.000069
1199 0.000068
3604 0.000068
2385 0.000068
2597 0.000067
1374 0.000066
1446 0.000066
2001 0.000066
629 0.000066
545 0.000066
2538 0.000066
1473 0.000065
2640 0.000065
2254 0.000064
1780 0.000064
1025 0.000064
2149 0.000064
1421 0.000064
1769 0.000064
3090 0.000064
1329 0.000063
1630 0.000063
3280 0.000063
510 0.000063
2716 0.000063
2180 0.000063
3302 0.000062
508 0.000062
1204 0.000062
1955 0.000062
537 0.000062
3320 0.000062
2459 0.000061
1948 0.000061
2588 0.000060
2555 0.000060
2039 0.000059
415 0.000059
634 0.000059
2018 0.000059
1591 0.000059
1146 0.000059
2004 0.000059
2225 0.000059
2502 0.000058
3233 0.000058
2839 0.000058
1179 0.000058
2754 0.000058
2567 0.000057
1998 0.000057
1705 0.000057
1991 0.000056
2024 0.000056
1196 0.000056
3186 0.000055
2647 0.000055
649 0.000055
2101 0.000055
630 0.000055
1794 0.000055
1528 0.000055
3051 0.000054
3366 0.000054
444 0.000054
1471 0.000054
25 0.000054
1512 0.000054
2053 0.000053
3363 0.000053
1559 0.000053
1175 0.000053
2526 0.000053
1588 0.000053
3426 0.000053
1235 0.000052
1916 0.000052
473 0.000052
3002 0.000052
1740 0.000052
3521 0.000052
1467 0.000052
479 0.000052
1221 0.000052
1014 0.000052
1836 0.000051
3596 0.000051
2324 0.000051
3168 0.000051
3201 0.000051
1410 0.000051
1427 0.000051
357 0.000050
3330 0.000050
3140 0.000050
1390 0.000050
3198 0.000050
3256 0.000049
1589 0.000049
2125 0.000049
1187 0.000049
1367 0.000049
1078 0.000049
1192 0.000049
3214 0.000049
2447 0.000048
2560 0.000047
2589 0.000047
3082 0.000047
1976 0.000047
3117 0.000047
1844 0.000047
1399 0.000047
2742 0.000047
1881 0.000047
87 0.000046
3162 0.000046
2946 0.000046
1803 0.000046
3179 0.000046
1475 0.000046
471 0.000045
1222 0.000045
3304 0.000045
120 0.000045
3136 0.000045
1305 0.000045
2583 0.000045
1313 0.000044
1804 0.000044
1049 0.000044
518 0.000044
3545 0.000043
2144 0.000043
523 0.000043
2194 0.000043
2378 0.000043
993 0.000043
953 0.000042
2494 0.000042
1674 0.000042
1124 0.000042
2436 0.000042
3331 0.000041
2246 0.000041
1613 0.000041
2904 0.000041
646 0.000041
1391 0.000041
1932 0.000041
1786 0.000041
1343 0.000041
2659 0.000041
2445 0.000041
2278 0.000041
496 0.000041
1920 0.000040
451 0.000040
3005 0.000040
2009 0.000040
3011 0.000040
1075 0.000040
1255 0.000040
1833 0.000040
2065 0.000040
967 0.000039
3274 0.000039
1080 0.000039
277 0.000039
1637 0.000039
1052 0.000039
3038 0.000039
3289 0.000039
2027 0.000039
246 0.000038
2343 0.000038
2148 0.000038
3116 0.000038
3938 0.000038
1155 0.000038
3027 0.000038
549 0.000038
2901 0.000038
1610 0.000038
3342 0.000038
1703 0.000038
2135 0.000038
2764 0.000038
2611 0.000038
3077 0.000038
3360 0.000038
2660 0.000038
2780 0.000037
1447 0.000037
1211 0.000037
995 0.000037
1557 0.000037
2778 0.000037
3386 0.000037
1861 0.000037
1373 0.000036
3150 0.000036
3097 0.000036
2636 0.000036
430 0.000036
1110 0.000036
1707 0.000036
1048 0.000036
3327 0.000036
1529 0.000036
480 0.000036
1300 0.000036
570 0.000036
1683 0.000036
1469 0.000035
705 0.000035
512 0.000035
678 0.000035
2738 0.000035
2229 0.000035
2748 0.000035
1714 0.000035
1791 0.000035
3152 0.000035
968 0.000034
2979 0.000034
3034 0.000034
2944 0.000034
3076 0.000034
1680 0.000034
3185 0.000034
2372 0.000034
3434 0.000034
2653 0.000034
1551 0.000033
2137 0.000033
2241 0.000033
1694 0.000033
2693 0.000033
2332 0.000033
2976 0.000033
2719 0.000032
1032 0.000032
2239 0.000032
3324 0.000032
1709 0.000032
1554 0.000032
776 0.000032
2377 0.000032
3017 0.000032
217 0.000032
1059 0.000032
482 0.000032
3107 0.000032
1017 0.000032
1828 0.000031
1899 0.000031
2793 0.000031
2126 0.000031
1725 0.000031
3072 0.000031
1148 0.000031
1893 0.000031
1839 0.000031
1897 0.000030
980 0.000030
2169 0.000030
2883 0.000030
1214 0.000030
1459 0.000030
1611 0.000030
1366 0.000030
3350 0.000030
1845 0.000030
2355 0.000029
493 0.000029
558 0.000029
1322 0.000029
2134 0.000029
2037 0.000029
1273 0.000029
1409 0.000029
2635 0.000029
2781 0.000028
1160 0.000028
1250 0.000028
1729 0.000028
2661 0.000028
1790 0.000028
1831 0.000028
1675 0.000028
3353 0.000028
1345 0.000028
1573 0.000028
3295 0.000028
407 0.000028
271 0.000027
2624 0.000027
2707 0.000027
2966 0.000027
1817 0.000027
1006 0.000027
1460 0.000027
3412 0.000027
1184 0.000027
2052 0.000027
1515 0.000026
3411 0.000026
3084 0.000026
1331 0.000026
3035 0.000026
1357 0.000026
2813 0.000026
2157 0.000026
3026 0.000026
913 0.000026
2337 0.000026
1736 0.000026
1983 0.000026
2309 0.000026
2163 0.000026
1661 0.000025
1272 0.000025
163 0.000025
3705 0.000025
3104 0.000025
2351 0.000025
1283 0.000025
2877 0.000025
2060 0.000024
2694 0.000024
3396 0.000024
1720 0.000024
3584 0.000024
639 0.000024
2232 0.000024
1639 0.000024
1876 0.000024
1717 0.000024
2002 0.000024
2915 0.000023
2734 0.000023
1871 0.000023
2786 0.000023
435 0.000023
3335 0.000023
927 0.000023
1894 0.000023
1330 0.000023
1166 0.000023
1864 0.000023
2881 0.000023
3232 0.000023
1583 0.000023
3087 0.000023
367 0.000023
978 0.000023
3253 0.000023
3680 0.000023
1697 0.000023
2571 0.000023
1569 0.000023
1600 0.000023
1867 0.000023
1488 0.000023
421 0.000022
3001 0.000022
2677 0.000022
534 0.000022
2084 0.000022
1256 0.000022
1001 0.000022
1799 0.000022
3365 0.000022
3062 0.000022
2683 0.000022
1076 0.000022
3321 0.000022
3345 0.000022
3060 0.000022
1158 0.000021
1275 0.000021
3442 0.000021
1966 0.000021
2530 0.000021
2890 0.000021
2992 0.000021
3672 0.000021
2215 0.000021
1437 0.000021
2665 0.000021
3079 0.000021
2410 0.000021
3918 0.000021
1159 0.000021
2298 0.000021
1191 0.000021
557 0.000021
2787 0.000021
3930 0.000020
1570 0.000020
3240 0.000020
669 0.000020
1107 0.000020
3838 0.000020
1189 0.000020
252 0.000020
960 0.000020
3793 0.000020
1519 0.000020
3299 0.000020
2968 0.000020
2056 0.000020
3403 0.000020
2999 0.000020
2729 0.000020
1902 0.000020
511 0.000020
459 0.000020
1662 0.000019
3245 0.000019
1520 0.000019
2679 0.000019
3278 0.000019
26 0.000019
2928 0.000019
1337 0.000019
3347 0.000019
1371 0.000019
1628 0.000019
2958 0.000019
3355 0.000019
2330 0.000019
2478 0.000019
272 0.000019
1807 0.000019
947 0.000019
2413 0.000019
2395 0.000019
1185 0.000019
1003 0.000019
2758 0.000019
3506 0.000019
1699 0.000018
1284 0.000018
239 0.000018
2322 0.000018
2782 0.000018
1066 0.000018
2235 0.000018
1117 0.000018
1793 0.000018
2191 0.000018
1750 0.000018
1502 0.000018
1614 0.000018
729 0.000018
1227 0.000018
2516 0.000018
464 0.000018
2300 0.000018
3387 0.000018
1993 0.000018
2610 0.000018
2894 0.000018
1970 0.000018
1770 0.000018
1132 0.000018
2669 0.000018
1742 0.000018
3404 0.000017
1393 0.000017
1886 0.000017
3758 0.000017
3178 0.000017
3145 0.000017
2950 0.000017
394 0.000017
2602 0.000017
1101 0.000017
1879 0.000017
2151 0.000017
1765 0.000017
1243 0.000017
2131 0.000017
897 0.000017
1041 0.000017
2345 0.000017
1823 0.000017
3593 0.000017
2964 0.000017
1516 0.000017
1010 0.000017
2927 0.000017
2040 0.000017
1122 0.000017
1456 0.000016
203 0.000016
1416 0.000016
3089 0.000016
9 0.000016
2150 0.000016
2956 0.000016
2936 0.000016
2145 0.000016
1349 0.000016
2093 0.000016
2550 0.000016
2376 0.000016
1449 0.000016
3113 0.000016
2069 0.000016
1757 0.000016
3078 0.000016
1671 0.000016
1332 0.000016
1479 0.000016
3054 0.000016
433 0.000016
2772 0.000016
1347 0.000016
1525 0.000016
2892 0.000016
3000 0.000016
2544 0.000016
3267 0.000016
2785 0.000016
824 0.000016
3049 0.000016
1563 0.000015
1940 0.000015
2865 0.000015
3369 0.000015
2986 0.000015
2943 0.000015
1261 0.000015
1153 0.000015
1645 0.000015
1429 0.000015
3172 0.000015
2210 0.000015
1259 0.000015
2913 0.000015
2604 0.000015
1496 0.000015
2668 0.000015
3362 0.000015
1669 0.000015
1269 0.000015
2361 0.000015
1603 0.000015
2960 0.000015
3351 0.000015
1561 0.000015
694 0.000015
3417 0.000015
3611 0.000015
2259 0.000015
2185 0.000015
2218 0.000015
2334 0.000015
1609 0.000015
3177 0.000014
1230 0.000014
1868 0.000014
2833 0.000014
2226 0.000014
2955 0.000014
1123 0.000014
1170 0.000014
3906 0.000014
3118 0.000014
1913 0.000014
941 0.000014
2909 0.000014
541 0.000014
1495 0.000014
1504 0.000014
1012 0.000014
1608 0.000014
2428 0.000014
2921 0.000014
2996 0.000014
982 0.000014
2582 0.000014
200 0.000014
543 0.000014
40 0.000014
3252 0.000014
3222 0.000014
688 0.000014
1767 0.000014
1436 0.000014
2107 0.000014
1290 0.000014
1882 0.000014
2989 0.000014
2841 0.000014
3182 0.000014
329 0.000014
3277 0.000014
1597 0.000014
3829 0.000014
781 0.000013
1311 0.000013
2962 0.000013
1665 0.000013
555 0.000013
1719 0.000013
1741 0.000013
2028 0.000013
2973 0.000013
1335 0.000013
2211 0.000013
924 0.000013
1246 0.000013
3344 0.000013
3115 0.000013
1923 0.000013
3361 0.000013
2078 0.000013
1858 0.000013
3586 0.000013
653 0.000013
1172 0.000013
2914 0.000013
3188 0.000013
1341 0.000013
1067 0.000013
1344 0.000013
2507 0.000013
1644 0.000013
1231 0.000013
3287 0.000013
3033 0.000013
189 0.000013
64 0.000013
2434 0.000013
2690 0.000013
1282 0.000013
2605 0.000013
3119 0.000013
2836 0.000013
1816 0.000013
1842 0.000013
2462 0.000013
3196 0.000013
2718 0.000013
3137 0.000013
2285 0.000013
1339 0.000013
3275 0.000012
592 0.000012
1024 0.000012
579 0.000012
3224 0.000012
954 0.000012
1491 0.000012
1083 0.000012
2293 0.000012
1543 0.000012
2429 0.000012
2206 0.000012
2806 0.000012
1744 0.000012
654 0.000012
2920 0.000012
170 0.000012
1685 0.000012
1689 0.000012
3205 0.000012
2825 0.000012
3617 0.000012
332 0.000012
3296 0.000012
991 0.000012
3319 0.000012
2910 0.000012
2676 0.000012
724 0.000012
2871 0.000012
2196 0.000012
1026 0.000012
1678 0.000012
1809 0.000012
2553 0.000012
2240 0.000012
3568 0.000012
3526 0.000012
1242 0.000012
2088 0.000011
2499 0.000011
1820 0.000011
3272 0.000011
2404 0.000011
2867 0.000011
1428 0.000011
2777 0.000011
3124 0.000011
584 0.000011
2906 0.000011
3132 0.000011
2540 0.000011
2706 0.000011
1727 0.000011
2810 0.000011
2757 0.000011
1851 0.000011
1943 0.000011
2763 0.000011
2242 0.000011
3346 0.000011
53 0.000011
3191 0.000011
1004 0.000011
1724 0.000011
3288 0.000011
481 0.000011
2198 0.000011
1576 0.000011
1872 0.000011
2925 0.000011
2603 0.000011
3971 0.000011
2172 0.000011
2711 0.000011
906 0.000011
1619 0.000011
1616 0.000011
2123 0.000011
1149 0.000011
3146 0.000010
1960 0.000010
1135 0.000010
560 0.000010
1787 0.000010
2937 0.000010
2812 0.000010
1156 0.000010
1215 0.000010
3348 0.000010
2916 0.000010
1448 0.000010
1975 0.000010
2103 0.000010
188 0.000010
2875 0.000010
1125 0.000010
2339 0.000010
280 0.000010
2715 0.000010
3825 0.000010
2391 0.000010
2828 0.000010
2095 0.000010
1236 0.000010
1258 0.000010
368 0.000010
2866 0.000010
2849 0.000010
3419 0.000010
1051 0.000010
618 0.000010
2751 0.000010
2800 0.000010
1636 0.000010
2369 0.000010
2551 0.000010
3204 0.000010
614 0.000010
1721 0.000010
2331 0.000010
2755 0.000010
3298 0.000010
3395 0.000010
2826 0.000010
1596 0.000010
2273 0.000010
680 0.000010
3056 0.000010
1668 0.000010
1650 0.000010
1752 0.000010
2919 0.000010
1129 0.000010
1037 0.000010
3966 0.000010
3261 0.000010
2590 0.000010
1810 0.000010
3378 0.000010
2129 0.000010
3025 0.000010
942 0.000010
2184 0.000010
973 0.000010
1304 0.000010
2575 0.000010
1019 0.000010
1453 0.000010
1020 0.000010
1843 0.000010
539 0.000010
2317 0.000010
1079 0.000010
3420 0.000010
1412 0.000010
1789 0.000010
3764 0.000010
3341 0.000010
3968 0.000010
2662 0.000010
3409 0.000010
2564 0.000010
957 0.000010
2607 0.000009
199 0.000009
1673 0.000009
3332 0.000009
1497 0.000009
1735 0.000009
3052 0.000009
3279 0.000009
620 0.000009
1548 0.000009
2664 0.000009
2775 0.000009
2873 0.000009
1819 0.000009
1785 0.000009
3184 0.000009
3529 0.000009
1223 0.000009
449 0.000009
825 0.000009
2397 0.000009
1722 0.000009
1482 0.000009
1571 0.000009
291 0.000009
2720 0.000009
3558 0.000009
2340 0.000009
3114 0.000009
1370 0.000009
2739 0.000009
3226 0.000009
2784 0.000009
3690 0.000009
1470 0.000009
2938 0.000009
1021 0.000009
2537 0.000009
3219 0.000009
1984 0.000009
3046 0.000009
3800 0.000009
3081 0.000009
3255 0.000009
2741 0.000009
827 0.000009
3455 0.000009
2236 0.000009
1444 0.000009
1860 0.000009
2412 0.000009
1547 0.000009
1779 0.000009
2438 0.000009
1423 0.000009
2244 0.000009
1205 0.000009
3945 0.000009
1303 0.000009
1910 0.000009
3448 0.000009
829 0.000009
1060 0.000009
3869 0.000009
2674 0.000009
359 0.000009
2073 0.000009
1712 0.000009
1291 0.000009
2188 0.000009
3902 0.000009
2932 0.000009
1359 0.000009
3211 0.000009
3842 0.000009
966 0.000009
1280 0.000009
2049 0.000009
2750 0.000009
1209 0.000009
2832 0.000009
2783 0.000009
2338 0.000009
3259 0.000009
728 0.000009
3010 0.000008
1106 0.000008
3195 0.000008
3464 0.000008
172 0.000008
3824 0.000008
1507 0.000008
1682 0.000008
1095 0.000008
2864 0.000008
1531 0.000008
3303 0.000008
125 0.000008
2433 0.000008
934 0.000008
2464 0.000008
3782 0.000008
2156 0.000008
932 0.000008
1850 0.000008
2600 0.000008
2414 0.000008
355 0.000008
1229 0.000008
3313 0.000008
2796 0.000008
186 0.000008
1849 0.000008
1754 0.000008
2822 0.000008
2173 0.000008
1605 0.000008
1857 0.000008
236 0.000008
2064 0.000008
1462 0.000008
3187 0.000008
2728 0.000008
820 0.000008
3022 0.000008
2387 0.000008
677 0.000008
3468 0.000008
1898 0.000008
3511 0.000008
1113 0.000008
313 0.000008
1267 0.000008
644 0.000008
3073 0.000008
2994 0.000008
2420 0.000008
323 0.000008
2506 0.000008
2675 0.000008
3734 0.000008
3203 0.000008
2231 0.000008
1054 0.000008
784 0.000008
2646 0.000008
1538 0.000008
3415 0.000008
202 0.000008
1917 0.000008
2085 0.000008
3737 0.000008
3221 0.000008
3553 0.000008
2827 0.000008
1716 0.000008
997 0.000008
2161 0.000008
3120 0.000008
1056 0.000008
2409 0.000008
2601 0.000008
3821 0.000007
3018 0.000007
1706 0.000007
1183 0.000007
2939 0.000007
2335 0.000007
3738 0.000007
2348 0.000007
589 0.000007
1824 0.000007
82 0.000007
2396 0.000007
1885 0.000007
2154 0.000007
2795 0.000007
1946 0.000007
1938 0.000007
564 0.000007
1302 0.000007
3106 0.000007
1068 0.000007
1962 0.000007
2200 0.000007
2988 0.000007
3207 0.000007
3629 0.000007
2220 0.000007
2488 0.000007
2518 0.000007
2411 0.000007
1011 0.000007
2063 0.000007
1826 0.000007
1686 0.000007
770 0.000007
2304 0.000007
2872 0.000007
2030 0.000007
1120 0.000007
1875 0.000007
1415 0.000007
2367 0.000007
3431 0.000007
1047 0.000007
1018 0.000007
815 0.000007
261 0.000007
2581 0.000007
994 0.000007
1774 0.000007
2713 0.000007
2271 0.000007
3057 0.000007
2615 0.000007
2745 0.000007
2759 0.000007
351 0.000007
849 0.000007
2561 0.000007
1971 0.000007
2029 0.000007
753 0.000007
3339 0.000007
23 0.000007
2425 0.000007
616 0.000007
1348 0.000007
3804 0.000007
1514 0.000007
2844 0.000007
1384 0.000007
2058 0.000007
2931 0.000007
1064 0.000007
1979 0.000007
2222 0.000007
2520 0.000007
2443 0.000007
3086 0.000007
2341 0.000007
98 0.000007
3900 0.000007
1565 0.000007
2118 0.000007
2905 0.000007
2768 0.000007
3449 0.000007
3927 0.000007
3722 0.000007
2969 0.000007
1623 0.000007
2392 0.000007
3926 0.000007
1837 0.000007
1660 0.000007
3810 0.000007
3576 0.000007
547 0.000007
1986 0.000007
3625 0.000007
1392 0.000007
3422 0.000007
312 0.000006
3790 0.000006
2201 0.000006
1009 0.000006
1324 0.000006
1677 0.000006
1245 0.000006
2326 0.000006
2342 0.000006
2862 0.000006
1818 0.000006
2228 0.000006
1632 0.000006
1743 0.000006
3016 0.000006
2473 0.000006
3098 0.000006
1580 0.000006
3394 0.000006
2840 0.000006
3508 0.000006
2315 0.000006
2091 0.000006
2121 0.000006
3149 0.000006
3148 0.000006
2854 0.000006
3794 0.000006
853 0.000006
1859 0.000006
2371 0.000006
2689 0.000006
2848 0.000006
961 0.000006
3605 0.000006
3036 0.000006
3612 0.000006
1715 0.000006
3096 0.000006
1163 0.000006
1296 0.000006
3215 0.000006
695 0.000006
1288 0.000006
2753 0.000006
1271 0.000006
2323 0.000006
3293 0.000006
3328 0.000006
2623 0.000006
2275 0.000006
548 0.000006
3924 0.000006
1667 0.000006
109 0.000006
1781 0.000006
1533 0.000006
494 0.000006
1130 0.000006
3433 0.000006
1585 0.000006
3174 0.000006
2059 0.000006
2803 0.000006
118 0.000006
487 0.000006
2536 0.000006
1350 0.000006
398 0.000006
1732 0.000006
2318 0.000006
1247 0.000006
1634 0.000006
3496 0.000006
2625 0.000006
2880 0.000006
2092 0.000006
2448 0.000006
2558 0.000006
1925 0.000006
2381 0.000006
346 0.000006
1643 0.000006
2329 0.000006
2500 0.000006
2090 0.000006
396 0.000006
3158 0.000005
2449 0.000005
1298 0.000005
1062 0.000005
2043 0.000005
2819 0.000005
948 0.000005
3460 0.000005
739 0.000005
963 0.000005
2853 0.000005
1426 0.000005
409 0.000005
1891 0.000005
1919 0.000005
2482 0.000005
2868 0.000005
3542 0.000005
1407 0.000005
2406 0.000005
48 0.000005
2743 0.000005
3628 0.000005
1994 0.000005
2112 0.000005
3075 0.000005
113 0.000005
3488 0.000005
2896 0.000005
1753 0.000005
2214 0.000005
3931 0.000005
1535 0.000005
1980 0.000005
142 0.000005
1388 0.000005
2492 0.000005
3779 0.000005
2666 0.000005
1795 0.000005
2243 0.000005
2702 0.000005
3731 0.000005
3410 0.000005
1530 0.000005
3466 0.000005
2698 0.000005
2940 0.000005
1207 0.000005
19 0.000005
462 0.000005
372 0.000005
1544 0.000005
2350 0.000005
2460 0.000005
2465 0.000005
3873 0.000005
3176 0.000005
2521 0.000005
1652 0.000005
446 0.000005
1413 0.000005
3231 0.000005
2630 0.000005
3947 0.000005
2593 0.000005
1318 0.000005
31 0.000005
2033 0.000005
1454 0.000005
3505 0.000005
2221 0.000005
1131 0.000005
999 0.000005
2104 0.000005
2440 0.000005
2366 0.000005
2354 0.000005
3212 0.000005
1595 0.000005
3225 0.000005
2139 0.000005
535 0.000005
2430 0.000005
2993 0.000005
1404 0.000005
2712 0.000005
2586 0.000005
158 0.000005
3070 0.000005
361 0.000005
3956 0.000005
1624 0.000005
3803 0.000005
1647 0.000005
1982 0.000005
3640 0.000005
1918 0.000005
2749 0.000005
2735 0.000005
2290 0.000005
2296 0.000005
41 0.000005
458 0.000005
2945 0.000005
2045 0.000005
2644 0.000005
1161 0.000005
3514 0.000005
1278 0.000005
2573 0.000005
3891 0.000005
2773 0.000005
2140 0.000005
617 0.000005
3555 0.000005
3080 0.000005
3559 0.000005
3475 0.000005
3836 0.000005
88 0.000005
1268 0.000005
3400 0.000005
4030 0.000005
1035 0.000005
2474 0.000005
3129 0.000004
4023 0.000004
1323 0.000004
2124 0.000004
842 0.000004
964 0.000004
2257 0.000004
3276 0.000004
2911 0.000004
2870 0.000004
2631 0.000004
2619 0.000004
944 0.000004
3702 0.000004
3719 0.000004
1040 0.000004
2207 0.000004
2667 0.000004
2295 0.000004
3223 0.000004
528 0.000004
3297 0.000004
1492 0.000004
3239 0.000004
3826 0.000004
3747 0.000004
2423 0.000004
1862 0.000004
2363 0.000004
1566 0.000004
320 0.000004
2546 0.000004
3534 0.000004
666 0.000004
2288 0.000004
2280 0.000004
3831 0.000004
3469 0.000004
1181 0.000004
766 0.000004
2818 0.000004
325 0.000004
1406 0.000004
3257 0.000004
3870 0.000004
2352 0.000004
1314 0.000004
1092 0.000004
1100 0.000004
3220 0.000004
1659 0.000004
2949 0.000004
2570 0.000004
2253 0.000004
3041 0.000004
2978 0.000004
1281 0.000004
3171 0.000004
3007 0.000004
1658 0.000004
1380 0.000004
2700 0.000004
2146 0.000004
1811 0.000004
334 0.000004
1772 0.000004
1309 0.000004
2147 0.000004
2152 0.000004
2874 0.000004
933 0.000004
834 0.000004
2504 0.000004
3381 0.000004
2680 0.000004
3329 0.000004
2299 0.000004
3247 0.000004
2190 0.000004
2807 0.000004
3284 0.000004
773 0.000004
3393 0.000004
718 0.000004
2672 0.000004
2276 0.000004
1921 0.000004
2762 0.000004
3206 0.000004
3693 0.000004
2655 0.000004
2618 0.000004
2696 0.000004
2991 0.000004
687 0.000004
1594 0.000004
1432 0.000004
734 0.000004
3610 0.000004
1988 0.000004
3950 0.000004
1385 0.000004
2923 0.000004
1691 0.000004
2287 0.000004
3307 0.000004
2446 0.000004
1375 0.000004
2984 0.000004
2725 0.000004
3590 0.000004
3377 0.000004
2165 0.000004
1265 0.000004
1477 0.000004
3085 0.000004
782 0.000004
1099 0.000004
2934 0.000004
2752 0.000004
1102 0.000004
1402 0.000004
1424 0.000004
2120 0.000004
1901 0.000004
1539 0.000004
2663 0.000004
1812 0.000004
3443 0.000004
2160 0.000004
2401 0.000004
342 0.000004
922 0.000004
3791 0.000004
3160 0.000004
3273 0.000004
3951 0.000004
936 0.000004
1212 0.000004
3213 0.000004
2924 0.000004
3260 0.000004
1451 0.000004
2365 0.000004
2856 0.000003
3373 0.000003
2379 0.000003
848 0.000003
2083 0.000003
2858 0.000003
1575 0.000003
2887 0.000003
1121 0.000003
2974 0.000003
1169 0.000003
3301 0.000003
1670 0.000003
2356 0.000003
2845 0.000003
1830 0.000003
2559 0.000003
1679 0.000003
242 0.000003
1294 0.000003
3004 0.000003
2686 0.000003
2557 0.000003
2929 0.000003
3064 0.000003
489 0.000003
1219 0.000003
3435 0.000003
1908 0.000003
115 0.000003
1008 0.000003
2497 0.000003
175 0.000003
2622 0.000003
1766 0.000003
1878 0.000003
1751 0.000003
727 0.000003
3234 0.000003
2637 0.000003
726 0.000003
1127 0.000003
635 0.000003
3416 0.000003
2416 0.000003
2912 0.000003
2005 0.000003
2578 0.000003
1646 0.000003
3573 0.000003
2374 0.000003
3907 0.000003
1396 0.000003
249 0.000003
905 0.000003
1177 0.000003
1464 0.000003
3768 0.000003
780 0.000003
818 0.000003
3841 0.000003
1142 0.000003
787 0.000003
1500 0.000003
1681 0.000003
2638 0.000003
1672 0.000003
2035 0.000003
2272 0.000003
3599 0.000003
3833 0.000003
3144 0.000003
3029 0.000003
3933 0.000003
3306 0.000003
1527 0.000003
1936 0.000003
3884 0.000003
3340 0.000003
1796 0.000003
1904 0.000003
1895 0.000003
3438 0.000003
3921 0.000003
2495 0.000003
2386 0.000003
573 0.000003
1578 0.000003
2480 0.000003
3264 0.000003
3909 0.000003
3499 0.000003
3383 0.000003
2023 0.000003
104 0.000003
3326 0.000003
3662 0.000003
3237 0.000003
797 0.000003
2260 0.000003
1526 0.000003
224 0.000003
2010 0.000003
2645 0.000003
3169 0.000003
1321 0.000003
3615 0.000003
3711 0.000003
3822 0.000003
2756 0.000003
1942 0.000003
2620 0.000003
1240 0.000003
3645 0.000003
1418 0.000003
1737 0.000003
1441 0.000003
2815 0.000003
2074 0.000003
2057 0.000003
2737 0.000003
2897 0.000003
231 0.000003
833 0.000003
619 0.000003
2370 0.000003
62 0.000003
1564 0.000003
1445 0.000003
3138 0.000003
1306 0.000003
1195 0.000003
1738 0.000003
3337 0.000003
3142 0.000003
185 0.000003
3065 0.000003
1889 0.000003
3714 0.000003
2020 0.000003
2022 0.000003
3642 0.000003
2216 0.000003
3546 0.000003
2648 0.000003
2549 0.000003
1 0.000003
2075 0.000003
1927 0.000003
3166 0.000003
2556 0.000003
3316 0.000003
1655 0.000003
3364 0.000003
2889 0.000003
3294 0.000003
425 0.000003
2308 0.000003
679 0.000003
204 0.000003
1734 0.000003
1935 0.000003
2202 0.000003
3208 0.000003
1541 0.000003
2061 0.000003
1649 0.000003
3242 0.000003
3535 0.000003
2108 0.000003
2843 0.000003
3009 0.000003
2405 0.000003
3236 0.000003
2531 0.000003
2576 0.000003
141 0.000003
3380 0.000003
3384 0.000003
975 0.000003
2006 0.000003
977 0.000003
3601 0.000003
636 0.000003
1260 0.000003
2859 0.000003
3823 0.000003
3157 0.000003
3043 0.000003
2760 0.000003
1929 0.000003
1355 0.000003
1542 0.000003
1877 0.000003
3193 0.000003
3164 0.000003
3285 0.000003
1422 0.000003
3554 0.000003
2681 0.000003
574 0.000003
1292 0.000003
2115 0.000003
2408 0.000003
3042 0.000003
811 0.000003
3648 0.000003
2485 0.000003
3343 0.000003
1641 0.000003
3881 0.000003
771 0.000003
2744 0.000003
3199 0.000003
1653 0.000003
1257 0.000003
130 0.000003
3374 0.000003
1508 0.000003
1225 0.000003
752 0.000003
1638 0.000003
1082 0.000003
754 0.000003
1552 0.000002
1587 0.000002
569 0.000002
418 0.000002
984 0.000002
817 0.000002
3110 0.000002
2614 0.000002
2393 0.000002
3108 0.000002
128 0.000002
2965 0.000002
3391 0.000002
983 0.000002
3828 0.000002
2851 0.000002
2789 0.000002
265 0.000002
3139 0.000002
3471 0.000002
3014 0.000002
2957 0.000002
2525 0.000002
2099 0.000002
1582 0.000002
3379 0.000002
161 0.000002
148 0.000002
1143 0.000002
2086 0.000002
3847 0.000002
1397 0.000002
1036 0.000002
1190 0.000002
3528 0.000002
3023 0.000002
3390 0.000002
764 0.000002
720 0.000002
3486 0.000002
3860 0.000002
2484 0.000002
2237 0.000002
3547 0.000002
2489 0.000002
959 0.000002
3470 0.000002
474 0.000002
2122 0.000002
3463 0.000002
1228 0.000002
1198 0.000002
2995 0.000002
2432 0.000002
3421 0.000002
3067 0.000002
952 0.000002
1398 0.000002
2286 0.000002
3123 0.000002
1434 0.000002
2539 0.000002
2612 0.000002
1841 0.000002
211 0.000002
822 0.000002
2277 0.000002
2159 0.000002
676 0.000002
2197 0.000002
2831 0.000002
3799 0.000002
1987 0.000002
2566 0.000002
3103 0.000002
2823 0.000002
3998 0.000002
2476 0.000002
5 0.000002
2809 0.000002
1501 0.000002
1138 0.000002
2835 0.000002
3459 0.000002
2426 0.000002
3430 0.000002
445 0.000002
1965 0.000002
3564 0.000002
1091 0.000002
2654 0.000002
1112 0.000002
3740 0.000002
3964 0.000002
2765 0.000002
94 0.000002
1299 0.000002
1695 0.000002
3706 0.000002
696 0.000002
2067 0.000002
2048 0.000002
248 0.000002
137 0.000002
1805 0.000002
1007 0.000002
1763 0.000002
663 0.000002
610 0.000002
2985 0.000002
768 0.000002
2209 0.000002
3809 0.000002
2626 0.000002
3135 0.000002
1167 0.000002
795 0.000002
3480 0.000002
331 0.000002
2657 0.000002
1180 0.000002
736 0.000002
2307 0.000002
1150 0.000002
3760 0.000002
2628 0.000002
3069 0.000002
132 0.000002
949 0.000002
2656 0.000002
2519 0.000002
1704 0.000002
3728 0.000002
3915 0.000002
1351 0.000002
1241 0.000002
3780 0.000002
2847 0.000002
1997 0.000002
1944 0.000002
1903 0.000002
2212 0.000002
3643 0.000002
971 0.000002
2453 0.000002
2357 0.000002
1387 0.000002
1201 0.000002
3858 0.000002
597 0.000002
2697 0.000002
2359 0.000002
1356 0.000002
3095 0.000002
2181 0.000002
2523 0.000002
2791 0.000002
738 0.000002
519 0.000002
1633 0.000002
354 0.000002
2708 0.000002
3050 0.000002
814 0.000002
3786 0.000002
1340 0.000002
3635 0.000002
214 0.000002
413 0.000002
2673 0.000002
792 0.000002
3105 0.000002
2297 0.000002
2684 0.000002
2727 0.000002
3949 0.000002
2820 0.000002
1457 0.000002
1188 0.000002
3667 0.000002
939 0.000002
72 0.000002
440 0.000002
3474 0.000002
2467 0.000002
133 0.000002
3024 0.000002
2941 0.000002
806 0.000002
3852 0.000002
3048 0.000002
3532 0.000002
3405 0.000002
2164 0.000002
919 0.000002
3300 0.000002
2055 0.000002
2587 0.000002
1733 0.000002
2577 0.000002
13 0.000002
1108 0.000002
931 0.000002
1266 0.000002
1615 0.000002
3292 0.000002
3538 0.000002
3359 0.000002
1870 0.000002
1696 0.000002
3621 0.000002
900 0.000002
3432 0.000002
3867 0.000002
3602 0.000002
3238 0.000002
3895 0.000002
3228 0.000002
3967 0.000002
1990 0.000002
2830 0.000002
3 0.000002
1213 0.000002
410 0.000002
2109 0.000002
2114 0.000002
2261 0.000002
257 0.000002
1072 0.000002
1968 0.000002
450 0.000002
793 0.000002
907 0.000002
2997 0.000002
1635 0.000002
2455 0.000002
3286 0.000002
3510 0.000002
2829 0.000002
1452 0.000002
2709 0.000002
3759 0.000002
3707 0.000002
2761 0.000002
1000 0.000002
1285 0.000002
1308 0.000002
1900 0.000002
3549 0.000002
2797 0.000002
1832 0.000002
2534 0.000002
1503 0.000002
3982 0.000002
3254 0.000002
3170 0.000002
227 0.000002
2110 0.000002
3021 0.000002
3483 0.000002
2552 0.000002
845 0.000002
2574 0.000002
3563 0.000002
2192 0.000002
777 0.000002
1829 0.000002
3484 0.000002
1907 0.000002
3679 0.000002
2981 0.000002
57 0.000002
1411 0.000002
299 0.000002
1914 0.000002
3189 0.000002
111 0.000002
303 0.000002
230 0.000002
2082 0.000002
238 0.000002
2954 0.000002
3490 0.000002
2469 0.000002
976 0.000002
2731 0.000002
1202 0.000002
3718 0.000002
763 0.000002
989 0.000002
2688 0.000002
2563 0.000001
1981 0.000001
839 0.000001
2983 0.000001
532 0.000001
1952 0.000001
3539 0.000001
3524 0.000001
3536 0.000001
920 0.000001
4014 0.000001
3752 0.000001
362 0.000001
1287 0.000001
3497 0.000001
1989 0.000001
1931 0.000001
3866 0.000001
3040 0.000001
2846 0.000001
2193 0.000001
2726 0.000001
1139 0.000001
1728 0.000001
748 0.000001
1747 0.000001
3518 0.000001
3357 0.000001
3896 0.000001
1749 0.000001
3855 0.000001
3165 0.000001
3491 0.000001
1606 0.000001
2179 0.000001
3249 0.000001
29 0.000001
2077 0.000001
84 0.000001
1053 0.000001
682 0.000001
3402 0.000001
2562 0.000001
3624 0.000001
3210 0.000001
178 0.000001
3566 0.000001
1045 0.000001
437 0.000001
30 0.000001
835 0.000001
3312 0.000001
2234 0.000001
3500 0.000001
3753 0.000001
3318 0.000001
3392 0.000001
2098 0.000001
3151 0.000001
1055 0.000001
2238 0.000001
3557 0.000001
1723 0.000001
3061 0.000001
871 0.000001
3032 0.000001
1855 0.000001
2948 0.000001
2011 0.000001
2346 0.000001
232 0.000001
1216 0.000001
3775 0.000001
3325 0.000001
3670 0.000001
1953 0.000001
742 0.000001
2907 0.000001
3093 0.000001
2733 0.000001
847 0.000001
1315 0.000001
3687 0.000001
712 0.000001
2967 0.000001
2249 0.000001
3167 0.000001
1097 0.000001
403 0.000001
1400 0.000001
3482 0.000001
3047 0.000001
184 0.000001
2641 0.000001
2477 0.000001
755 0.000001
426 0.000001
1698 0.000001
850 0.000001
760 0.000001
1957 0.000001
2627 0.000001
1382 0.000001
940 0.000001
3028 0.000001
2486 0.000001
2390 0.000001
1073 0.000001
3485 0.000001
701 0.000001
3850 0.000001
3399 0.000001
1379 0.000001
1562 0.000001
2316 0.000001
343 0.000001
1484 0.000001
310 0.000001
3533 0.000001
3763 0.000001
2427 0.000001
926 0.000001
3512 0.000001
3626 0.000001
799 0.000001
3710 0.000001
3969 0.000001
647 0.000001
1963 0.000001
3583 0.000001
1481 0.000001
116 0.000001
2882 0.000001
143 0.000001
159 0.000001
3013 0.000001
3697 0.000001
2076 0.000001
1103 0.000001
3066 0.000001
3244 0.000001
1815 0.000001
1325 0.000001
2717 0.000001
2036 0.000001
2291 0.000001
914 0.000001
903 0.000001
3784 0.000001
2213 0.000001
2953 0.000001
1676 0.000001
1058 0.000001
2119 0.000001
1023 0.000001
223 0.000001
2987 0.000001
2415 0.000001
2918 0.000001
981 0.000001
898 0.000001
3776 0.000001
1599 0.000001
2418 0.000001
3309 0.000001
3246 0.000001
2217 0.000001
3903 0.000001
3155 0.000001
732 0.000001
1801 0.000001
789 0.000001
3937 0.000001
1030 0.000001
3730 0.000001
2639 0.000001
1033 0.000001
1433 0.000001
1739 0.000001
3698 0.000001
3109 0.000001
2353 0.000001
3944 0.000001
568 0.000001
2407 0.000001
2535 0.000001
2554 0.000001
2046 0.000001
3767 0.000001
1999 0.000001
2532 0.000001
909 0.000001
326 0.000001
1244 0.000001
3979 0.000001
2633 0.000001
987 0.000001
2311 0.000001
1524 0.000001
3153 0.000001
3761 0.000001
1043 0.000001
121 0.000001
1896 0.000001
2876 0.000001
3770 0.000001
3880 0.000001
1279 0.000001
1461 0.000001
807 0.000001
3015 0.000001
1336 0.000001
2089 0.000001
714 0.000001
758 0.000001
314 0.000001
2933 0.000001
1499 0.000001
3515 0.000001
3569 0.000001
2878 0.000001
988 0.000001
741 0.000001
2162 0.000001
1701 0.000001
1906 0.000001
2723 0.000001
3683 0.000001
3636 0.000001
3102 0.000001
3659 0.000001
3960 0.000001
1934 0.000001
2303 0.000001
2585 0.000001
3792 0.000001
1232 0.000001
196 0.000001
498 0.000001
3726 0.000001
2710 0.000001
838 0.000001
2000 0.000001
1286 0.000001
1152 0.000001
2850 0.000001
3664 0.000001
3616 0.000001
1700 0.000001
2977 0.000001
1798 0.000001
3802 0.000001
3785 0.000001
39 0.000001
943 0.000001
3957 0.000001
1710 0.000001
1293 0.000001
3503 0.000001
1848 0.000001
1556 0.000001
3190 0.000001
2403 0.000001
3720 0.000001
490 0.000001
297 0.000001
488 0.000001
3929 0.000001
2579 0.000001
2682 0.000001
685 0.000001
3458 0.000001
1365 0.000001
2685 0.000001
2658 0.000001
831 0.000001
180 0.000001
258 0.000001
3068 0.000001
2893 0.000001
345 0.000001
3578 0.000001
2034 0.000001
625 0.000001
1144 0.000001
2310 0.000001
3862 0.000001
2306 0.000001
1118 0.000001
1342 0.000001
2572 0.000001
540 0.000001
495 0.000001
4004 0.000001
3671 0.000001
2766 0.000001
2373 0.000001
3543 0.000001
1572 0.000001
1389 0.000001
1629 0.000001
1015 0.000001
3835 0.000001
2490 0.000001
2360 0.000001
2208 0.000001
1922 0.000001
969 0.000001
3608 0.000001
3088 0.000001
2421 0.000001
3349 0.000001
144 0.000001
1310 0.000001
1792 0.000001
912 0.000001
1316 0.000001
836 0.000001
1154 0.000001
3192 0.000001
2314 0.000001
3476 0.000001
212 0.000001
2248 0.000001
2961 0.000001
992 0.000001
260 0.000001
2705 0.000001
3914 0.000001
3634 0.000001
99 0.000001
3509 0.000001
3713 0.000001
2805 0.000001
1140 0.000001
2041 0.000001
1532 0.000001
3209 0.000001
923 0.000001
2456 0.000001
470 0.000001
2170 0.000001
101 0.000001
2837 0.000001
2821 0.000001
1550 0.000001
3796 0.000001
96 0.000001
2970 0.000001
3941 0.000001
3156 0.000001
1094 0.000001
2591 0.000001
352 0.000001
3888 0.000001
1081 0.000001
3358 0.000001
631 0.000001
1090 0.000001
1958 0.000001
901 0.000001
3462 0.000001
3269 0.000001
2771 0.000001
889 0.000001
813 0.000001
2747 0.000001
3623 0.000001
38 0.000001
375 0.000001
2097 0.000001
2903 0.000001
711 0.000001
59 0.000001
3845 0.000001
1087 0.000001
3774 0.000001
2942 0.000001
1873 0.000001
274 0.000001
3817 0.000001
3517 0.000001
655 0.000001
1089 0.000001
2769 0.000001
2515 0.000001
521 0.000001
3200 0.000001
3504 0.000001
3656 0.000001
779 0.000001
302 0.000001
284 0.000001
2891 0.000001
1625 0.000001
1654 0.000001
1814 0.000001
2136 0.000001
3701 0.000001
4017 0.000001
3762 0.000001
65 0.000001
3530 0.000001
1364 0.000001
783 0.000001
92 0.000001
3551 0.000001
3620 0.000001
1880 0.000001
2044 0.000001
3229 0.000001
622 0.000001
20 0.000001
3571 0.000001
1248 0.000001
2349 0.000001
22 0.000001
536 0.000001
3771 0.000001
1822 0.000001
3703 0.000001
2096 0.000001
3958 0.000001
1956 0.000001
731 0.000001
3901 0.000001
3045 0.000001
3994 0.000001
3163 0.000001
2790 0.000001
938 0.000001
684 0.000001
3818 0.000001
2321 0.000001
902 0.000001
716 0.000001
3832 0.000001
2017 0.000001
3600 0.000001
1930 0.000001
2935 0.000001
3995 0.000001
1042 0.000001
1134 0.000001
127 0.000001
3898 0.000001
4021 0.000001
3743 0.000001
3725 0.000001
4038 0.000001
3638 0.000001
134 0.000001
1218 0.000001
1174 0.000001
477 0.000001
565 0.000001
3519 0.000001
2888 0.000001
1401 0.000001
1141 0.000001
3527 0.000001
2383 0.000001
1151 0.000001
3130 0.000001
3356 0.000001
1478 0.000001
4000 0.000001
722 0.000001
1517 0.000001
623 0.000001
2670 0.000001
3904 0.000001
778 0.000001
73 0.000001
730 0.000001
2861 0.000001
2895 0.000001
1137 0.000001
222 0.000001
3507 0.000001
1333 0.000001
1116 0.000001
765 0.000001
2804 0.000001
837 0.000001
2454 0.000001
1468 0.000001
2258 0.000001
2450 0.000001
2262 0.000001
4027 0.000001
281 0.000001
1601 0.000001
885 0.000001
3241 0.000001
1234 0.000001
1773 0.000001
3520 0.000001
442 0.000001
1050 0.000001
4020 0.000001
3522 0.000001
14 0.000001
1840 0.000001
2770 0.000001
2545 0.000001
3194 0.000001
2402 0.000001
3478 0.000001
737 0.000001
2274 0.000001
2251 0.000001
197 0.000001
1115 0.000001
3425 0.000001
478 0.000001
1378 0.000001
1764 0.000001
3548 0.000001
707 0.000001
100 0.000001
2301 0.000001
3141 0.000001
3493 0.000001
3658 0.000001
2255 0.000001
3418 0.000001
740 0.000001
50 0.000001
3614 0.000001
3682 0.000001
3878 0.000001
85 0.000001
2186 0.000001
950 0.000000
3789 0.000000
709 0.000000
123 0.000000
3859 0.000000
1961 0.000000
1890 0.000000
809 0.000000
970 0.000000
1928 0.000000
3591 0.000000
4002 0.000000
3916 0.000000
2019 0.000000
1093 0.000000
3243 0.000000
3133 0.000000
2105 0.000000
3627 0.000000
243 0.000000
3837 0.000000
904 0.000000
276 0.000000
2479 0.000000
2779 0.000000
3772 0.000000
3660 0.000000
2130 0.000000
1438 0.000000
612 0.000000
2947 0.000000
2678 0.000000
657 0.000000
3736 0.000000
2652 0.000000
1263 0.000000
956 0.000000
1915 0.000000
733 0.000000
3251 0.000000
626 0.000000
3868 0.000000
1784 0.000000
2265 0.000000
166 0.000000
2926 0.000000
194 0.000000
1708 0.000000
3622 0.000000
3099 0.000000
2834 0.000000
3452 0.000000
3618 0.000000
996 0.000000
786 0.000000
344 0.000000
2025 0.000000
551 0.000000
2794 0.000000
295 0.000000
17 0.000000
3388 0.000000
2141 0.000000
105 0.000000
187 0.000000
3574 0.000000
2070 0.000000
664 0.000000
759 0.000000
2400 0.000000
3894 0.000000
1869 0.000000
3812 0.000000
3769 0.000000
1044 0.000000
2435 0.000000
3908 0.000000
2522 0.000000
4026 0.000000
1476 0.000000
317 0.000000
3646 0.000000
251 0.000000
3428 0.000000
3039 0.000000
1203 0.000000
2990 0.000000
1933 0.000000
3161 0.000000
2701 0.000000
3262 0.000000
424 0.000000
3972 0.000000
28 0.000000
2362 0.000000
2424 0.000000
3644 0.000000
3159 0.000000
2650 0.000000
3492 0.000000
605 0.000000
2513 0.000000
935 0.000000
929 0.000000
2687 0.000000
3986 0.000000
3197 0.000000
192 0.000000
3863 0.000000
149 0.000000
583 0.000000
106 0.000000
3652 0.000000
54 0.000000
1489 0.000000
1039 0.000000
3216 0.000000
3580 0.000000
108 0.000000
3887 0.000000
2439 0.000000
633 0.000000
693 0.000000
3414 0.000000
615 0.000000
2811 0.000000
3777 0.000000
3473 0.000000
165 0.000000
533 0.000000
3632 0.000000
2524 0.000000
1884 0.000000
588 0.000000
2884 0.000000
319 0.000000
89 0.000000
1756 0.000000
3446 0.000000
1254 0.000000
3754 0.000000
3940 0.000000
603 0.000000
502 0.000000
176 0.000000
746 0.000000
2606 0.000000
794 0.000000
2816 0.000000
816 0.000000
2080 0.000000
3439 0.000000
168 0.000000
843 0.000000
3587 0.000000
177 0.000000
998 0.000000
3997 0.000000
661 0.000000
643 0.000000
600 0.000000
3290 0.000000
226 0.000000
3694 0.000000
2634 0.000000
1664 0.000000
453 0.000000
3976 0.000000
3441 0.000000
3663 0.000000
1381 0.000000
2651 0.000000
45 0.000000
3315 0.000000
3250 0.000000
3450 0.000000
965 0.000000
2886 0.000000
2959 0.000000
1602 0.000000
1162 0.000000
2703 0.000000
2166 0.000000
826 0.000000
3227 0.000000
691 0.000000
2802 0.000000
3531 0.000000
681 0.000000
3678 0.000000
3544 0.000000
587 0.000000
330 0.000000
229 0.000000
2008 0.000000
1463 0.000000
2466 0.000000
486 0.000000
3654 0.000000
3641 0.000000
259 0.000000
91 0.000000
8 0.000000
2051 0.000000
2227 0.000000
1974 0.000000
1084 0.000000
1164 0.000000
1220 0.000000
3696 0.000000
318 0.000000
3685 0.000000
3893 0.000000
3083 0.000000
3477 0.000000
522 0.000000
3905 0.000000
3778 0.000000
767 0.000000
3012 0.000000
77 0.000000
2972 0.000000
3757 0.000000
662 0.000000
75 0.000000
3727 0.000000
3988 0.000000
1249 0.000000
3724 0.000000
1592 0.000000
311 0.000000
4009 0.000000
219 0.000000
2487 0.000000
2281 0.000000
2584 0.000000
3585 0.000000
3917 0.000000
974 0.000000
1057 0.000000
796 0.000000
1168 0.000000
3934 0.000000
1771 0.000000
3970 0.000000
2452 0.000000
529 0.000000
2113 0.000000
3607 0.000000
870 0.000000
3843 0.000000
671 0.000000
1777 0.000000
3314 0.000000
611 0.000000
593 0.000000
2320 0.000000
3739 0.000000
2908 0.000000
3472 0.000000
846 0.000000
278 0.000000
659 0.000000
658 0.000000
627 0.000000
578 0.000000
2050 0.000000
3631 0.000000
1368 0.000000
955 0.000000
117 0.000000
599 0.000000
1838 0.000000
723 0.000000
4019 0.000000
3827 0.000000
2388 0.000000
3913 0.000000
1821 0.000000
3502 0.000000
1607 0.000000
1147 0.000000
1038 0.000000
364 0.000000
1949 0.000000
3805 0.000000
675 0.000000
650 0.000000
1992 0.000000
16 0.000000
2917 0.000000
3920 0.000000
3745 0.000000
3092 0.000000
3773 0.000000
2175 0.000000
69 0.000000
821 0.000000
632 0.000000
1354 0.000000
3217 0.000000
986 0.000000
1133 0.000000
1295 0.000000
1797 0.000000
2609 0.000000
3673 0.000000
3271 0.000000
1713 0.000000
1711 0.000000
1417 0.000000
757 0.000000
275 0.000000
245 0.000000
193 0.000000
190 0.000000
181 0.000000
152 0.000000
49 0.000000
4 0.000000
3128 0.000000
266 0.000000
1748 0.000000
710 0.000000
55 0.000000
1363 0.000000
2801 0.000000
1061 0.000000
1301 0.000000
3498 0.000000
3235 0.000000
1568 0.000000
3371 0.000000
3461 0.000000
509 0.000000
2514 0.000000
3447 0.000000
1978 0.000000
2312 0.000000
1069 0.000000
126 0.000000
756 0.000000
1319 0.000000
3283 0.000000
2205 0.000000
3323 0.000000
598 0.000000
3637 0.000000
3044 0.000000
206 0.000000
124 0.000000
3890 0.000000
1063 0.000000
972 0.000000
337 0.000000
2971 0.000000
762 0.000000
2503 0.000000
3053 0.000000
3333 0.000000
640 0.000000
3661 0.000000
3819 0.000000
1648 0.000000
382 0.000000
751 0.000000
3996 0.000000
890 0.000000
1874 0.000000
844 0.000000
876 0.000000
863 0.000000
881 0.000000
290 0.000000
68 0.000000
225 0.000000
341 0.000000
491 0.000000
1788 0.000000
3423 0.000000
867 0.000000
3202 0.000000
1251 0.000000
3657 0.000000
1493 0.000000
3598 0.000000
2015 0.000000
24 0.000000
864 0.000000
3675 0.000000
283 0.000000
254 0.000000
3655 0.000000
390 0.000000
3063 0.000000
385 0.000000
958 0.000000
2305 0.000000
3382 0.000000
2066 0.000000
879 0.000000
429 0.000000
3999 0.000000
3978 0.000000
3665 0.000000
3121 0.000000
2527 0.000000
1264 0.000000
1194 0.000000
406 0.000000
307 0.000000
3427 0.000000
3338 0.000000
2270 0.000000
670 0.000000
3305 0.000000
3457 0.000000
1950 0.000000
3923 0.000000
2263 0.000000
3912 0.000000
3603 0.000000
861 0.000000
3436 0.000000
704 0.000000
3806 0.000000
2358 0.000000
985 0.000000
3595 0.000000
2776 0.000000
338 0.000000
1443 0.000000
3814 0.000000
2444 0.000000
2613 0.000000
3839 0.000000
3494 0.000000
1977 0.000000
3882 0.000000
893 0.000000
665 0.000000
300 0.000000
3735 0.000000
4013 0.000000
3537 0.000000
2016 0.000000
878 0.000000
1031 0.000000
812 0.000000
3567 0.000000
2746 0.000000
2021 0.000000
1853 0.000000
3985 0.000000
3963 0.000000
895 0.000000
866 0.000000
66 0.000000
3112 0.000000
93 0.000000
3513 0.000000
1297 0.000000
237 0.000000
83 0.000000
51 0.000000
140 0.000000
1731 0.000000
333 0.000000
2879 0.000000
505 0.000000
702 0.000000
2158 0.000000
1200 0.000000
937 0.000000
3874 0.000000
3883 0.000000
3695 0.000000
3649 0.000000
3613 0.000000
3562 0.000000
3479 0.000000
689 0.000000
3630 0.000000
869 0.000000
3742 0.000000
3619 0.000000
2437 0.000000
1442 0.000000
1498 0.000000
575 0.000000
2900 0.000000
2528 0.000000
2012 0.000000
979 0.000000
3840 0.000000
3681 0.000000
761 0.000000
2695 0.000000
3552 0.000000
2 0.000000
60 0.000000
1005 0.000000
3523 0.000000
3481 0.000000
1640 0.000000
577 0.000000
347 0.000000
3308 0.000000
3647 0.000000
3389 0.000000
3815 0.000000
3892 0.000000
4037 0.000000
3787 0.000000
1157 0.000000
1239 0.000000
3932 0.000000
791 0.000000
3579 0.000000
3465 0.000000
3030 0.000000
3834 0.000000
2014 0.000000
3334 0.000000
340 0.000000
882 0.000000
788 0.000000
721 0.000000
3889 0.000000
3993 0.000000
3755 0.000000
2182 0.000000
3712 0.000000
1759 0.000000
3816 0.000000
3801 0.000000
3751 0.000000
2975 0.000000
2952 0.000000
2714 0.000000
2178 0.000000
1937 0.000000
1760 0.000000
1693 0.000000
1353 0.000000
411 0.000000
386 0.000000
383 0.000000
356 0.000000
301 0.000000
247 0.000000
240 0.000000
179 0.000000
95 0.000000
81 0.000000
61 0.000000
1887 0.000000
2177 0.000000
3281 0.000000
162 0.000000
3788 0.000000
700 0.000000
3008 0.000000
3715 0.000000
371 0.000000
3058 0.000000
3981 0.000000
3398 0.000000
621 0.000000
3606 0.000000
3368 0.000000
2699 0.000000
880 0.000000
725 0.000000
3516 0.000000
3541 0.000000
562 0.000000
10 0.000000
3977 0.000000
2094 0.000000
832 0.000000
221 0.000000
2982 0.000000
690 0.000000
2013 0.000000
2898 0.000000
808 0.000000
3370 0.000000
530 0.000000
167 0.000000
129 0.000000
1186 0.000000
706 0.000000
1802 0.000000
3973 0.000000
2496 0.000000
3795 0.000000
2245 0.000000
3954 0.000000
2998 0.000000
2548 0.000000
2106 0.000000
1105 0.000000
1002 0.000000
790 0.000000
552 0.000000
501 0.000000
441 0.000000
399 0.000000
384 0.000000
270 0.000000
253 0.000000
182 0.000000
174 0.000000
157 0.000000
155 0.000000
97 0.000000
235 0.000000
1865 0.000000
3975 0.000000
3708 0.000000
381 0.000000
3367 0.000000
1905 0.000000
298 0.000000
2852 0.000000
2256 0.000000
268 0.000000
2568 0.000000
151 0.000000
2493 0.000000
628 0.000000
2963 0.000000
2632 0.000000
3953 0.000000
3849 0.000000
3588 0.000000
3444 0.000000
3429 0.000000
3375 0.000000
3310 0.000000
2422 0.000000
1510 0.000000
884 0.000000
294 0.000000
27 0.000000
582 0.000000
4018 0.000000
3352 0.000000
3354 0.000000
3218 0.000000
3122 0.000000
380 0.000000
2580 0.000000
928 0.000000
36 0.000000
2599 0.000000
715 0.000000
1439 0.000000
365 0.000000
3094 0.000000
466 0.000000
1924 0.000000
3925 0.000000
3848 0.000000
3749 0.000000
3270 0.000000
3127 0.000000
3074 0.000000
3055 0.000000
2774 0.000000
2621 0.000000
2565 0.000000
1996 0.000000
894 0.000000
147 0.000000
6 0.000000
672 0.000000
1490 0.000000
3783 0.000000
250 0.000000
1506 0.000000
79 0.000000
3857 0.000000
4011 0.000000
3991 0.000000
3952 0.000000
3143 0.000000
1474 0.000000
874 0.000000
872 0.000000
296 0.000000
263 0.000000
3311 0.000000
735 0.000000
3594 0.000000
3581 0.000000
208 0.000000
2692 0.000000
3946 0.000000
3781 0.000000
3322 0.000000
3181 0.000000
3180 0.000000
3131 0.000000
3126 0.000000
2930 0.000000
2732 0.000000
2481 0.000000
289 0.000000
164 0.000000
3424 0.000000
3266 0.000000
1111 0.000000
1022 0.000000
886 0.000000
349 0.000000
2799 0.000000
1631 0.000000
3936 0.000000
3766 0.000000
139 0.000000
3865 0.000000
2252 0.000000
595 0.000000
576 0.000000
3876 0.000000
2798 0.000000
2230 0.000000
1892 0.000000
3666 0.000000
3668 0.000000
1579 0.000000
3919 0.000000
3871 0.000000
3639 0.000000
2899 0.000000
3928 0.000000
3175 0.000000
288 0.000000
1414 0.000000
1775 0.000000
2442 0.000000
4036 0.000000
4035 0.000000
4034 0.000000
4033 0.000000
4032 0.000000
4029 0.000000
4028 0.000000
4025 0.000000
4024 0.000000
4022 0.000000
4016 0.000000
4015 0.000000
4012 0.000000
4010 0.000000
4008 0.000000
4007 0.000000
4006 0.000000
4005 0.000000
4003 0.000000
4001 0.000000
3992 0.000000
3990 0.000000
3987 0.000000
3984 0.000000
3983 0.000000
3974 0.000000
3965 0.000000
3959 0.000000
3955 0.000000
3942 0.000000
3939 0.000000
3935 0.000000
3922 0.000000
3911 0.000000
3910 0.000000
3899 0.000000
3897 0.000000
3885 0.000000
3879 0.000000
3875 0.000000
3864 0.000000
3856 0.000000
3854 0.000000
3853 0.000000
3846 0.000000
3844 0.000000
3820 0.000000
3813 0.000000
3811 0.000000
3808 0.000000
3807 0.000000
3798 0.000000
3765 0.000000
3748 0.000000
3746 0.000000
3744 0.000000
3733 0.000000
3732 0.000000
3729 0.000000
3717 0.000000
3716 0.000000
3709 0.000000
3704 0.000000
3700 0.000000
3699 0.000000
3691 0.000000
3689 0.000000
3688 0.000000
3686 0.000000
3676 0.000000
3669 0.000000
3653 0.000000
3650 0.000000
3597 0.000000
3589 0.000000
3582 0.000000
3575 0.000000
3572 0.000000
3570 0.000000
3565 0.000000
3560 0.000000
3489 0.000000
3467 0.000000
3453 0.000000
3451 0.000000
3445 0.000000
3413 0.000000
3408 0.000000
3407 0.000000
3401 0.000000
3376 0.000000
3372 0.000000
3336 0.000000
3317 0.000000
3282 0.000000
3268 0.000000
3230 0.000000
3183 0.000000
3147 0.000000
3134 0.000000
3125 0.000000
3091 0.000000
3071 0.000000
3059 0.000000
3037 0.000000
3031 0.000000
3006 0.000000
3003 0.000000
2980 0.000000
2922 0.000000
2902 0.000000
2885 0.000000
2860 0.000000
2857 0.000000
2855 0.000000
2842 0.000000
2838 0.000000
2824 0.000000
2817 0.000000
2814 0.000000
2808 0.000000
2792 0.000000
2788 0.000000
2767 0.000000
2740 0.000000
2736 0.000000
2722 0.000000
2721 0.000000
2704 0.000000
2691 0.000000
2671 0.000000
2596 0.000000
2595 0.000000
2569 0.000000
2541 0.000000
2517 0.000000
2505 0.000000
2483 0.000000
2470 0.000000
2457 0.000000
2441 0.000000
2431 0.000000
2382 0.000000
2380 0.000000
2375 0.000000
2269 0.000000
2219 0.000000
2204 0.000000
2195 0.000000
2168 0.000000
2167 0.000000
2100 0.000000
2079 0.000000
1969 0.000000
1967 0.000000
1856 0.000000
1854 0.000000
1834 0.000000
1776 0.000000
1762 0.000000
1755 0.000000
1690 0.000000
1657 0.000000
1651 0.000000
1627 0.000000
1586 0.000000
1581 0.000000
1560 0.000000
1558 0.000000
1546 0.000000
1521 0.000000
1486 0.000000
1466 0.000000
1455 0.000000
1430 0.000000
1403 0.000000
1395 0.000000
1394 0.000000
1386 0.000000
1383 0.000000
1372 0.000000
1362 0.000000
1346 0.000000
1326 0.000000
1276 0.000000
1270 0.000000
1262 0.000000
1253 0.000000
1252 0.000000
1233 0.000000
1224 0.000000
1208 0.000000
1206 0.000000
1176 0.000000
1145 0.000000
1119 0.000000
1096 0.000000
1071 0.000000
1065 0.000000
1046 0.000000
1034 0.000000
1027 0.000000
1016 0.000000
945 0.000000
918 0.000000
911 0.000000
910 0.000000
899 0.000000
892 0.000000
891 0.000000
888 0.000000
887 0.000000
883 0.000000
877 0.000000
875 0.000000
873 0.000000
868 0.000000
865 0.000000
859 0.000000
858 0.000000
855 0.000000
854 0.000000
852 0.000000
851 0.000000
841 0.000000
802 0.000000
801 0.000000
785 0.000000
775 0.000000
750 0.000000
749 0.000000
744 0.000000
743 0.000000
717 0.000000
699 0.000000
692 0.000000
674 0.000000
673 0.000000
668 0.000000
667 0.000000
660 0.000000
656 0.000000
652 0.000000
648 0.000000
642 0.000000
638 0.000000
624 0.000000
613 0.000000
608 0.000000
607 0.000000
602 0.000000
586 0.000000
585 0.000000
581 0.000000
572 0.000000
571 0.000000
550 0.000000
499 0.000000
485 0.000000
476 0.000000
468 0.000000
467 0.000000
454 0.000000
448 0.000000
447 0.000000
443 0.000000
401 0.000000
393 0.000000
379 0.000000
377 0.000000
358 0.000000
336 0.000000
335 0.000000
328 0.000000
327 0.000000
321 0.000000
316 0.000000
309 0.000000
306 0.000000
305 0.000000
293 0.000000
292 0.000000
287 0.000000
286 0.000000
282 0.000000
279 0.000000
273 0.000000
267 0.000000
264 0.000000
262 0.000000
256 0.000000
255 0.000000
244 0.000000
241 0.000000
234 0.000000
233 0.000000
228 0.000000
220 0.000000
218 0.000000
216 0.000000
215 0.000000
210 0.000000
209 0.000000
207 0.000000
205 0.000000
201 0.000000
195 0.000000
191 0.000000
183 0.000000
160 0.000000
154 0.000000
153 0.000000
145 0.000000
138 0.000000
135 0.000000
131 0.000000
114 0.000000
112 0.000000
110 0.000000
102 0.000000
90 0.000000
86 0.000000
78 0.000000
76 0.000000
74 0.000000
71 0.000000
70 0.000000
63 0.000000
52 0.000000
47 0.000000
46 0.000000
44 0.000000
43 0.000000
42 0.000000
37 0.000000
35 0.000000
33 0.000000
32 0.000000
18 0.000000
15 0.000000
12 0.000000
11 0.000000
