107 0.459699
58 0.397402
428 0.394837
563 0.393913
1684 0.393606
171 0.370493
348 0.369916
483 0.369848
414 0.369543
376 0.366558
475 0.366192
566 0.364967
1666 0.364704
1534 0.364605
484 0.363162
353 0.363097
1171 0.362445
651 0.362282
420 0.361019
1085 0.357852
1687 0.357250
1577 0.357187
1718 0.356651
1165 0.356493
1136 0.356305
1465 0.354615
0 0.353343
1912 0.350947
580 0.345040
1505 0.342755
1405 0.342494
1656 0.342029
990 0.341885
1642 0.341856
1758 0.341827
1419 0.341740
1450 0.341711
1726 0.341653
517 0.341220
366 0.340990
606 0.340875
526 0.340846
641 0.339928
1663 0.339185
1352 0.339157
1173 0.338929
1420 0.338702
601 0.338616
1835 0.338418
1361 0.338304
1376 0.338219
1126 0.338134
1621 0.337880
1536 0.337795
1358 0.337767
1013 0.337654
1574 0.337513
1029 0.337513
925 0.337259
1320 0.337203
1545 0.336949
1522 0.336949
1237 0.336921
1688 0.336893
1692 0.336809
1179 0.336809
1509 0.336781
1374 0.336753
916 0.336696
1074 0.336612
1313 0.336528
1334 0.336444
930 0.336444
1289 0.336360
1300 0.336332
1098 0.336332
1593 0.336276
1549 0.336276
1317 0.336164
1070 0.336164
1555 0.335940
1425 0.335940
1617 0.335856
1512 0.335828
1360 0.335800
1193 0.335800
1825 0.335745
1806 0.335717
1778 0.335661
1511 0.335661
1740 0.335605
1590 0.335577
1553 0.335577
1777 0.335549
921 0.335549
1274 0.335521
1217 0.335494
1567 0.335466
1114 0.335466
1369 0.335438
1866 0.335410
1408 0.335410
1307 0.335410
1702 0.335382
1446 0.335382
1312 0.335354
1705 0.335299
1847 0.335271
1494 0.335271
1803 0.335243
1338 0.335243
1178 0.335243
1421 0.335215
1588 0.335187
1210 0.335159
1410 0.335132
1540 0.335104
1328 0.335104
1187 0.335104
1719 0.335076
1537 0.335076
1182 0.335048
1077 0.335048
1618 0.334965
1518 0.334937
1483 0.334937
1109 0.334937
1088 0.334937
1226 0.334881
962 0.334743
1513 0.334576
1523 0.334521
1782 0.334465
1028 0.334465
915 0.334465
1485 0.334438
1327 0.334244
1846 0.334189
1808 0.334161
1745 0.334133
1863 0.333967
1909 0.333912
1911 0.333857
1626 0.333636
1883 0.333554
1440 0.333554
1458 0.333526
1852 0.333499
951 0.333443
1780 0.333333
1196 0.333333
1836 0.333306
1769 0.333306
908 0.333168
1817 0.333031
1197 0.333031
1697 0.332839
567 0.328881
363 0.327043
637 0.325645
538 0.323195
596 0.322782
1086 0.322241
1800 0.321599
389 0.321548
1025 0.321343
1888 0.321292
1584 0.321292
1730 0.321113
1768 0.320680
1431 0.320425
1199 0.320349
649 0.320324
629 0.320324
917 0.320298
1377 0.320197
1612 0.320146
1589 0.320044
1078 0.320019
1746 0.319968
1827 0.319943
896 0.319943
1813 0.319918
1277 0.319892
1487 0.319867
1622 0.319816
1238 0.319816
1804 0.319791
1390 0.319740
1645 0.319715
1604 0.319715
1833 0.319690
1616 0.319690
1783 0.319664
1620 0.319664
1844 0.319639
1714 0.319588
1367 0.319588
1559 0.319563
1707 0.319538
1427 0.319538
946 0.319538
1104 0.319513
1882 0.319487
1613 0.319462
1204 0.319462
1122 0.319437
1598 0.319411
1610 0.319386
1399 0.319361
1329 0.319310
1767 0.319285
1391 0.319285
993 0.319285
1673 0.319260
1211 0.319235
1155 0.319235
1557 0.319209
1192 0.319209
1551 0.319184
1128 0.319184
1471 0.319134
1014 0.319109
1080 0.319083
1786 0.319058
1839 0.319033
1059 0.319033
1514 0.318932
1357 0.318932
1032 0.318932
1897 0.318907
1554 0.318907
1516 0.318882
1332 0.318882
1435 0.318857
1250 0.318857
1184 0.318857
1871 0.318831
1736 0.318806
1185 0.318806
1095 0.318806
1146 0.318781
1475 0.318756
1893 0.318731
953 0.318731
1799 0.318706
1791 0.318706
936 0.318706
1515 0.318680
1175 0.318680
1148 0.318680
1879 0.318655
1729 0.318630
1661 0.318630
1473 0.318630
1017 0.318630
1899 0.318605
1742 0.318605
1630 0.318580
1662 0.318555
1331 0.318555
1793 0.318530
1603 0.318530
1349 0.318530
1680 0.318479
1467 0.318479
1255 0.318479
1447 0.318454
1373 0.318454
1343 0.318454
1222 0.318454
1132 0.318454
1076 0.318454
1006 0.318454
1611 0.318429
1113 0.318429
1107 0.318429
1717 0.318379
1677 0.318379
1153 0.318379
1828 0.318354
1600 0.318354
1694 0.318329
1669 0.318329
1565 0.318329
1282 0.318329
1261 0.318329
1066 0.318329
1820 0.318304
1495 0.318304
1720 0.318279
1488 0.318279
1273 0.318279
1256 0.318279
1158 0.318279
1075 0.318279
1001 0.318253
942 0.318253
1894 0.318203
1881 0.318203
1543 0.318203
1456 0.318203
1416 0.318203
1235 0.318203
1160 0.318203
1816 0.318178
1757 0.318178
1744 0.318178
1191 0.318178
1902 0.318153
1790 0.318153
1318 0.318153
1124 0.318153
1878 0.318128
1284 0.318128
1864 0.318103
1679 0.318103
1335 0.318103
980 0.318103
1824 0.318078
1823 0.318078
1665 0.318078
1020 0.318078
1794 0.318053
1750 0.318053
1269 0.318053
1166 0.318053
1018 0.318053
1012 0.318053
976 0.318053
967 0.318053
1606 0.318028
1491 0.318028
1230 0.318028
1099 0.318028
1689 0.318003
1570 0.318003
968 0.318003
954 0.318003
1867 0.317978
1763 0.317978
1683 0.317978
1396 0.317978
1341 0.317978
1101 0.317978
1079 0.317978
948 0.317978
1668 0.317953
1547 0.317953
1330 0.317953
1117 0.317953
1868 0.317928
1761 0.317928
1454 0.317928
1861 0.317903
1267 0.317903
1102 0.317903
1004 0.317903
1849 0.317878
1842 0.317878
1751 0.317878
1400 0.317878
1637 0.317853
1732 0.317828
1675 0.317828
1608 0.317828
1520 0.317828
1303 0.317828
1142 0.317828
1125 0.317828
1049 0.317828
1766 0.317803
1528 0.317803
1870 0.317778
1752 0.317778
1721 0.317778
1695 0.317778
1324 0.317778
966 0.317778
947 0.317778
1619 0.317753
1595 0.317753
1480 0.317753
1345 0.317753
1305 0.317753
1242 0.317753
1214 0.317753
1048 0.317753
1812 0.317728
1809 0.317728
1609 0.317728
1573 0.317728
1429 0.317728
1291 0.317728
1172 0.317728
1597 0.317703
1563 0.317703
1370 0.317703
1344 0.317703
1309 0.317703
1243 0.317703
1108 0.317703
1706 0.317678
1459 0.317678
984 0.317678
1582 0.317653
1382 0.317653
1281 0.317653
1735 0.317628
1529 0.317628
1472 0.317628
1245 0.317628
1290 0.317603
1110 0.317603
1682 0.317578
1479 0.317578
1397 0.317578
1322 0.317578
1302 0.317578
1409 0.317553
1392 0.317553
1083 0.317553
1886 0.317528
1848 0.317528
1712 0.317528
1628 0.317528
1530 0.317528
1741 0.317503
978 0.317503
1789 0.317478
1638 0.317478
1272 0.317478
960 0.317478
1826 0.317453
1810 0.317453
1508 0.317453
1205 0.317453
1149 0.317453
1898 0.317428
1845 0.317428
1801 0.317428
1464 0.317428
1643 0.317403
1623 0.317403
1406 0.317403
1339 0.317403
1163 0.317403
1907 0.317378
1850 0.317378
1156 0.317378
1067 0.317378
906 0.317378
1674 0.317353
919 0.317353
1875 0.317328
1639 0.317328
1583 0.317328
1209 0.317328
1625 0.317303
1271 0.317303
997 0.317303
1591 0.317278
1003 0.317278
1294 0.317253
933 0.317253
927 0.317253
1685 0.317228
1660 0.317228
905 0.317228
1773 0.317203
1288 0.317203
1223 0.317203
1671 0.317179
1644 0.317154
1614 0.317154
1605 0.317154
1449 0.317154
1795 0.317129
1490 0.317129
1181 0.317129
1819 0.317104
1709 0.317104
957 0.317104
913 0.317104
1631 0.317079
1765 0.317029
1380 0.317029
1024 0.317029
1462 0.317004
1423 0.317004
1388 0.317004
1359 0.317004
1227 0.317004
952 0.317004
1716 0.316979
1580 0.316979
1576 0.316979
1231 0.316979
1198 0.316979
1753 0.316954
1659 0.316954
1492 0.316954
1052 0.316954
934 0.316954
1652 0.316930
1724 0.316905
1699 0.316905
1506 0.316905
1189 0.316905
1026 0.316905
1737 0.316880
1632 0.316880
1539 0.316880
1754 0.316855
1636 0.316830
1596 0.316830
1323 0.316830
1129 0.316830
999 0.316830
1654 0.316805
1469 0.316805
1448 0.316805
1280 0.316805
1275 0.316805
1876 0.316780
1060 0.316780
1054 0.316780
1019 0.316780
995 0.316780
1653 0.316756
1455 0.316756
1428 0.316756
1402 0.316756
1393 0.316756
1375 0.316756
1347 0.316756
1857 0.316731
1647 0.316731
1885 0.316706
1538 0.316706
1207 0.316706
1891 0.316681
1796 0.316681
1470 0.316681
1460 0.316681
1298 0.316681
1268 0.316681
1221 0.316681
1123 0.316681
1703 0.316656
1502 0.316656
1444 0.316656
1519 0.316607
1135 0.316607
982 0.316607
1872 0.316582
1496 0.316582
1351 0.316582
1041 0.316582
1040 0.316582
1770 0.316557
1366 0.316557
1311 0.316557
1287 0.316557
1259 0.316557
1130 0.316557
897 0.316557
1715 0.316532
1056 0.316532
1047 0.316532
1877 0.316507
1535 0.316507
1426 0.316507
1229 0.316507
1100 0.316507
1859 0.316482
1811 0.316482
1371 0.316482
1340 0.316482
932 0.316482
1457 0.316458
1437 0.316458
983 0.316458
1851 0.316433
1772 0.316433
1159 0.316433
1021 0.316433
1691 0.316408
1571 0.316408
1436 0.316408
1413 0.316408
1215 0.316408
1578 0.316383
1526 0.316359
1504 0.316359
1422 0.316359
1407 0.316359
1201 0.316359
1036 0.316359
1011 0.316359
1658 0.316334
1548 0.316334
1525 0.316334
1283 0.316334
1278 0.316334
1082 0.316334
1009 0.316334
1722 0.316309
1655 0.316309
1507 0.316309
1348 0.316309
1037 0.316309
1561 0.316284
1542 0.316284
1432 0.316284
1336 0.316284
1292 0.316284
1285 0.316284
1257 0.316284
1010 0.316284
1862 0.316259
1219 0.316259
1112 0.316259
975 0.316259
941 0.316259
1587 0.316235
1183 0.316235
1140 0.316235
973 0.316235
1743 0.316210
1265 0.316210
963 0.316210
1855 0.316185
1807 0.316185
1727 0.316185
1725 0.316185
1379 0.316185
1120 0.316185
1404 0.316160
1092 0.316160
991 0.316160
1853 0.316136
1841 0.316136
1734 0.316136
1723 0.316136
1482 0.316136
1415 0.316136
1195 0.316136
1068 0.316136
1569 0.316111
1293 0.316111
981 0.316086
1843 0.316061
1832 0.316061
1389 0.316061
1051 0.316061
959 0.316061
902 0.316061
1837 0.316037
1787 0.316037
1738 0.316037
1314 0.316037
1180 0.316037
1169 0.316037
924 0.316037
1681 0.316012
1552 0.316012
1398 0.316012
1315 0.316012
1296 0.316012
1279 0.316012
1572 0.315987
1236 0.315987
1121 0.315987
1831 0.315962
1701 0.315962
1533 0.315962
1477 0.315962
1384 0.315962
1365 0.315962
1258 0.315962
949 0.315962
1873 0.315938
1858 0.315938
1779 0.315938
1678 0.315938
1524 0.315938
988 0.315938
931 0.315938
1903 0.315913
1830 0.315913
1774 0.315913
1532 0.315888
1412 0.315888
1190 0.315888
1733 0.315864
1650 0.315864
1634 0.315864
1550 0.315864
1461 0.315864
1304 0.315864
1260 0.315864
961 0.315864
923 0.315864
898 0.315864
1901 0.315839
1895 0.315839
1355 0.315839
1143 0.315839
944 0.315839
1860 0.315814
1710 0.315814
1517 0.315814
1337 0.315814
1216 0.315814
1170 0.315814
1115 0.315814
1097 0.315814
1015 0.315814
1686 0.315789
1649 0.315789
1624 0.315789
1246 0.315789
1118 0.315789
989 0.315789
1798 0.315765
1635 0.315765
1585 0.315765
1544 0.315765
1452 0.315765
1445 0.315765
1438 0.315765
1385 0.315765
971 0.315765
903 0.315765
901 0.315765
1541 0.315740
1350 0.315740
1333 0.315740
1008 0.315740
1884 0.315715
1880 0.315715
1728 0.315715
1601 0.315715
1378 0.315715
1316 0.315715
1188 0.315715
1131 0.315715
1087 0.315715
969 0.315715
1910 0.315691
1468 0.315691
1451 0.315691
1299 0.315691
992 0.315691
1904 0.315666
1818 0.315666
1785 0.315666
1564 0.315666
1441 0.315666
1387 0.315666
1225 0.315666
1081 0.315666
929 0.315666
922 0.315666
1568 0.315641
1500 0.315641
1497 0.315641
1434 0.315641
1232 0.315641
1161 0.315641
1137 0.315641
1116 0.315641
996 0.315641
938 0.315641
1503 0.315617
1453 0.315617
1167 0.315617
1055 0.315617
1044 0.315617
1821 0.315592
1667 0.315592
1381 0.315592
1319 0.315592
1310 0.315592
1266 0.315592
1164 0.315592
1106 0.315592
1064 0.315592
1039 0.315592
994 0.315592
1908 0.315567
1900 0.315567
1822 0.315567
1781 0.315567
1527 0.315567
1493 0.315567
1306 0.315567
1212 0.315567
1072 0.315567
1035 0.315567
977 0.315567
964 0.315567
1764 0.315543
1704 0.315543
1672 0.315543
1670 0.315543
1648 0.315543
1592 0.315543
1556 0.315543
1321 0.315543
1103 0.315543
1815 0.315518
1615 0.315518
1247 0.315518
1150 0.315518
1139 0.315518
958 0.315518
1792 0.315493
1633 0.315493
1433 0.315493
1286 0.315493
1228 0.315493
1058 0.315493
1906 0.315469
1805 0.315469
1747 0.315469
1629 0.315469
1594 0.315469
1531 0.315469
1489 0.315469
1484 0.315469
1063 0.315469
1062 0.315469
1439 0.315444
1418 0.315444
1363 0.315444
1240 0.315444
1144 0.315444
1127 0.315444
1069 0.315444
1022 0.315444
972 0.315444
926 0.315444
1771 0.315419
1575 0.315419
1566 0.315419
1356 0.315419
1308 0.315419
1241 0.315419
1213 0.315419
1091 0.315419
1698 0.315395
1476 0.315395
1424 0.315395
1297 0.315395
1233 0.315395
1646 0.315370
1501 0.315370
1486 0.315370
1411 0.315370
1325 0.315370
1174 0.315370
1141 0.315370
1031 0.315370
1784 0.315346
1700 0.315346
1481 0.315346
1478 0.315346
1186 0.315346
1152 0.315346
1033 0.315346
940 0.315346
939 0.315346
1829 0.315321
1756 0.315321
1676 0.315321
1007 0.315321
1000 0.315321
965 0.315321
914 0.315321
1889 0.315296
1869 0.315296
1249 0.315296
1234 0.315296
1177 0.315296
1084 0.315296
1042 0.315296
970 0.315296
1739 0.315272
1641 0.315272
1138 0.315272
1089 0.315272
1005 0.315272
904 0.315272
1874 0.315247
1749 0.315247
1748 0.315247
1090 0.315247
987 0.315247
920 0.315247
907 0.315247
900 0.315247
1892 0.315222
1802 0.315222
1696 0.315222
1602 0.315222
1499 0.315222
1401 0.315222
1364 0.315222
1251 0.315222
1244 0.315222
1045 0.315222
1043 0.315222
943 0.315222
909 0.315222
1905 0.315198
1887 0.315198
1599 0.315198
1218 0.315198
1134 0.315198
1094 0.315198
1053 0.315198
1050 0.315198
1030 0.315198
986 0.315198
974 0.315198
1840 0.315173
1814 0.315173
1788 0.315173
1708 0.315173
1562 0.315173
1463 0.315173
1368 0.315173
1342 0.315173
1073 0.315173
1061 0.315173
1023 0.315173
979 0.315173
956 0.315173
955 0.315173
950 0.315173
1896 0.315149
1443 0.315149
1403 0.315149
1239 0.315149
1220 0.315149
1202 0.315149
1154 0.315149
1151 0.315149
1111 0.315149
1093 0.315149
1016 0.315149
998 0.315149
928 0.315149
912 0.315149
1865 0.315124
1775 0.315124
1731 0.315124
1640 0.315124
1414 0.315124
1248 0.315124
1203 0.315124
1162 0.315124
1372 0.315099
985 0.315099
937 0.315099
935 0.315099
1890 0.315075
1838 0.315075
1759 0.315075
1664 0.315075
1521 0.315075
1498 0.315075
1301 0.315075
1263 0.315075
1254 0.315075
1168 0.315075
1133 0.315075
1797 0.315050
1776 0.315050
1711 0.315050
1657 0.315050
1607 0.315050
1579 0.315050
1442 0.315050
1417 0.315050
1354 0.315050
1346 0.315050
1295 0.315050
1264 0.315050
1157 0.315050
1147 0.315050
1057 0.315050
1038 0.315050
910 0.315050
1856 0.315026
1762 0.315026
1713 0.315026
1651 0.315026
1510 0.315026
1474 0.315026
1383 0.315026
1200 0.315026
1194 0.315026
1105 0.315026
1002 0.315026
945 0.315026
1760 0.315001
1693 0.315001
1627 0.315001
1586 0.315001
1546 0.315001
1362 0.315001
1353 0.315001
1253 0.315001
1252 0.315001
1208 0.315001
1071 0.315001
1046 0.315001
1034 0.315001
1027 0.315001
899 0.315001
1854 0.314977
1755 0.314977
1690 0.314977
1558 0.314977
1430 0.314977
1395 0.314977
1394 0.314977
1326 0.314977
1276 0.314977
1270 0.314977
1262 0.314977
1224 0.314977
1176 0.314977
1065 0.314977
1834 0.314952
1581 0.314952
1560 0.314952
1466 0.314952
1386 0.314952
1206 0.314952
1145 0.314952
1119 0.314952
1096 0.314952
918 0.314952
911 0.314952
860 0.314927
3437 0.314413
559 0.312007
412 0.311574
513 0.311502
373 0.311334
561 0.311286
465 0.310998
553 0.310878
374 0.310591
492 0.310472
524 0.310353
391 0.310305
497 0.310210
395 0.310019
370 0.309686
542 0.309639
419 0.309544
400 0.309544
461 0.309378
525 0.309117
423 0.308763
604 0.308739
591 0.308386
520 0.307986
417 0.307563
392 0.306699
3290 0.306373
3173 0.306141
645 0.306141
3003 0.306071
2885 0.306071
2838 0.306071
460 0.306071
416 0.306048
402 0.305863
2814 0.305770
456 0.305608
439 0.304755
683 0.304617
471 0.304525
360 0.304341
387 0.304066
451 0.303586
34 0.303313
1967 0.298956
427 0.295889
136 0.294186
500 0.293886
549 0.293801
436 0.293673
438 0.293566
431 0.293545
378 0.293481
506 0.293417
515 0.293289
544 0.293097
514 0.292885
507 0.291995
269 0.291784
408 0.291742
404 0.291510
430 0.291447
2543 0.291300
432 0.291132
397 0.291132
669 0.291090
614 0.291048
444 0.290692
503 0.290462
482 0.290420
463 0.290274
434 0.290253
479 0.290232
556 0.289878
473 0.289857
2740 0.289566
2704 0.289566
527 0.289483
537 0.289193
173 0.289048
2111 0.289007
545 0.288903
388 0.288883
2199 0.288821
2081 0.288759
2007 0.288738
558 0.288717
594 0.288697
512 0.288697
2598 0.288593
2054 0.288573
2283 0.288532
2289 0.288511
523 0.288429
2133 0.288346
2336 0.288305
511 0.288284
3101 0.288264
2187 0.288264
2384 0.288243
2032 0.288243
1945 0.288223
2292 0.288140
2117 0.288140
480 0.288140
2068 0.288120
2153 0.288079
2510 0.288058
455 0.287997
2511 0.287956
2102 0.287935
452 0.287914
2268 0.287894
2869 0.287873
546 0.287853
2629 0.287832
570 0.287812
3263 0.287791
2471 0.287791
2649 0.287730
2319 0.287730
2247 0.287730
2224 0.287730
2072 0.287730
634 0.287730
2491 0.287709
2463 0.287668
2461 0.287627
2223 0.287607
2071 0.287607
2038 0.287607
2180 0.287566
2174 0.287545
531 0.287545
609 0.287504
2250 0.287464
676 0.287464
2617 0.287423
504 0.287423
2189 0.287402
2127 0.287382
350 0.287341
2451 0.287320
3258 0.287279
2764 0.287279
2643 0.287279
2203 0.287279
2508 0.287239
2138 0.287218
1926 0.287218
2042 0.287198
2143 0.287177
3100 0.287136
2183 0.287136
425 0.287136
415 0.287136
3278 0.287075
3020 0.287075
2475 0.287075
2279 0.287034
1932 0.287034
2498 0.287014
2436 0.287014
405 0.287014
3385 0.286994
442 0.286994
369 0.286994
2883 0.286953
2327 0.286953
646 0.286953
2267 0.286932
3111 0.286912
2302 0.286912
469 0.286892
508 0.286871
2264 0.286769
426 0.286769
3265 0.286749
3245 0.286749
2589 0.286708
516 0.286668
457 0.286668
2968 0.286647
518 0.286647
421 0.286647
554 0.286627
510 0.286627
357 0.286627
2398 0.286607
667 0.286607
2653 0.286566
2039 0.286525
449 0.286505
3222 0.286464
459 0.286464
435 0.286464
3248 0.286444
569 0.286444
2979 0.286424
2533 0.286424
2458 0.286424
528 0.286403
1955 0.286363
2547 0.286342
3289 0.286322
3186 0.286322
2693 0.286322
2254 0.286322
407 0.286322
3361 0.286281
2822 0.286281
2128 0.286281
543 0.286221
2135 0.286200
2707 0.286160
610 0.286099
541 0.286058
477 0.286018
534 0.285977
433 0.285977
485 0.285876
2529 0.285836
2472 0.285815
2445 0.285674
2417 0.285674
2826 0.285593
198 0.285492
590 0.285411
2677 0.285351
2839 0.285169
2502 0.285129
3363 0.285049
3019 0.284908
2754 0.284868
3291 0.284807
3082 0.284747
2742 0.284747
3397 0.284727
3426 0.284687
3320 0.284687
472 0.284667
3090 0.284587
3434 0.284567
3280 0.284567
2966 0.284567
2944 0.284547
3232 0.284526
2877 0.284506
2863 0.284506
3116 0.284486
3201 0.284466
3168 0.284466
2951 0.284466
2786 0.284466
3051 0.284446
2986 0.284426
2719 0.284426
3406 0.284406
3078 0.284406
2793 0.284406
2724 0.284406
2661 0.284406
2782 0.284386
3387 0.284366
2669 0.284366
3026 0.284346
2956 0.284346
2778 0.284326
2716 0.284326
3330 0.284286
2694 0.284286
2679 0.284286
3233 0.284266
2960 0.284266
2927 0.284266
2906 0.284266
3366 0.284246
3154 0.284246
3000 0.284246
2915 0.284246
3035 0.284226
3417 0.284206
3150 0.284206
2755 0.284206
2730 0.284206
3038 0.284186
3033 0.284186
2890 0.284186
3324 0.284166
2916 0.284166
3252 0.284146
3198 0.284146
3162 0.284146
3076 0.284146
2928 0.284146
3152 0.284126
2750 0.284126
3351 0.284106
3348 0.284106
3132 0.284106
3104 0.284086
3054 0.284086
2910 0.284086
2777 0.284086
2757 0.284086
2738 0.284086
2676 0.284086
2664 0.284086
3350 0.284066
2943 0.284066
2833 0.284066
2800 0.284066
2849 0.284046
3185 0.284026
3179 0.284026
3022 0.284026
2867 0.284026
3226 0.284006
2925 0.284006
3386 0.283986
3060 0.283986
3056 0.283986
2866 0.283986
2828 0.283986
2683 0.283986
2909 0.283966
2901 0.283966
3396 0.283946
3347 0.283946
3344 0.283946
3096 0.283946
3084 0.283946
3049 0.283946
2872 0.283946
3362 0.283926
3295 0.283926
2913 0.283926
2864 0.283926
2827 0.283926
2748 0.283926
3412 0.283906
3360 0.283906
3174 0.283906
2920 0.283906
2905 0.283906
3339 0.283886
2973 0.283886
2873 0.283886
3267 0.283866
3195 0.283866
3172 0.283866
3011 0.283866
3002 0.283866
2992 0.283866
2904 0.283866
3277 0.283846
3140 0.283846
3120 0.283846
2976 0.283846
2969 0.283846
2862 0.283846
3284 0.283827
3017 0.283827
3005 0.283827
2919 0.283827
2674 0.283827
3321 0.283807
3145 0.283807
3119 0.283807
2939 0.283807
2911 0.283807
2698 0.283807
3342 0.283787
3182 0.283787
3113 0.283787
3302 0.283767
2706 0.283767
2689 0.283767
3247 0.283747
3240 0.283747
3149 0.283747
3027 0.283747
2880 0.283747
2781 0.283747
3433 0.283727
3345 0.283727
3335 0.283727
3331 0.283727
3136 0.283727
3098 0.283727
3079 0.283727
2994 0.283727
3355 0.283707
3304 0.283707
3064 0.283707
3001 0.283707
2940 0.283707
3419 0.283687
3297 0.283687
3274 0.283687
3256 0.283687
3214 0.283687
3117 0.283687
3108 0.283687
2988 0.283687
2937 0.283687
2763 0.283687
2729 0.283687
3411 0.283667
3353 0.283667
3332 0.283667
3239 0.283667
3106 0.283667
3073 0.283667
3070 0.283667
2853 0.283667
3184 0.283647
3169 0.283647
3146 0.283647
3115 0.283647
2991 0.283647
2912 0.283647
2894 0.283647
2666 0.283647
3378 0.283627
3299 0.283627
3293 0.283627
2985 0.283627
2936 0.283627
2796 0.283627
2974 0.283607
2946 0.283607
2780 0.283607
3097 0.283587
3062 0.283587
2989 0.283587
2892 0.283587
2810 0.283587
3034 0.283567
2815 0.283567
2773 0.283567
2741 0.283567
3142 0.283548
2993 0.283548
2964 0.283548
2775 0.283548
3224 0.283528
3077 0.283528
3381 0.283508
3261 0.283508
3220 0.283508
3025 0.283508
2945 0.283508
2897 0.283508
2717 0.283508
3416 0.283488
3391 0.283488
3065 0.283488
3004 0.283488
2931 0.283488
2749 0.283488
2680 0.283488
3403 0.283468
3164 0.283468
3158 0.283468
3089 0.283468
3085 0.283468
3029 0.283468
2875 0.283468
2813 0.283468
2753 0.283468
2734 0.283468
3253 0.283448
3206 0.283448
3188 0.283448
3107 0.283448
3087 0.283448
3040 0.283448
2743 0.283448
3327 0.283428
3205 0.283428
3052 0.283428
3047 0.283428
3021 0.283428
2896 0.283428
2806 0.283428
2665 0.283428
3435 0.283408
3384 0.283408
3364 0.283408
3137 0.283408
3102 0.283408
2787 0.283408
2720 0.283408
2347 0.283408
3288 0.283388
3287 0.283388
2962 0.283388
2950 0.283388
2929 0.283388
3404 0.283368
3204 0.283368
2874 0.283368
2765 0.283368
3365 0.283349
3114 0.283349
3072 0.283349
2758 0.283349
3298 0.283329
3165 0.283329
2881 0.283329
2756 0.283329
2681 0.283329
3272 0.283309
3118 0.283309
2970 0.283309
2955 0.283309
2835 0.283309
2785 0.283309
2712 0.283309
3369 0.283289
3014 0.283289
3409 0.283269
3257 0.283269
2958 0.283269
2871 0.283269
2725 0.283269
3296 0.283249
3238 0.283249
3207 0.283249
3177 0.283249
2914 0.283249
2770 0.283249
3422 0.283229
3301 0.283229
3196 0.283229
3191 0.283229
3057 0.283229
2999 0.283229
2932 0.283229
2924 0.283229
2921 0.283229
2887 0.283229
2678 0.283229
3316 0.283209
3219 0.283209
3178 0.283209
2996 0.283209
2865 0.283209
3395 0.283190
3166 0.283190
3036 0.283190
2823 0.283190
2760 0.283190
2728 0.283190
2675 0.283190
3420 0.283170
3399 0.283170
3086 0.283170
3046 0.283170
2718 0.283170
2672 0.283170
2662 0.283170
3319 0.283150
3303 0.283150
3228 0.283150
3213 0.283150
2854 0.283150
2752 0.283150
3400 0.283130
3346 0.283130
3212 0.283130
3135 0.283130
3129 0.283130
3023 0.283130
2825 0.283130
2751 0.283130
3250 0.283110
3187 0.283110
2953 0.283110
2772 0.283110
2708 0.283110
2668 0.283110
3234 0.283090
3123 0.283090
2977 0.283090
2850 0.283090
2840 0.283090
2783 0.283090
2745 0.283090
3313 0.283070
3255 0.283070
3010 0.283070
2907 0.283070
2715 0.283070
3394 0.283051
3377 0.283051
3341 0.283051
3264 0.283051
3259 0.283051
3203 0.283051
2841 0.283051
2836 0.283051
2739 0.283051
2713 0.283051
2711 0.283051
2690 0.283051
3410 0.283031
3160 0.283031
3148 0.283031
3124 0.283031
3018 0.283031
2938 0.283031
2832 0.283031
3415 0.283011
3275 0.283011
3016 0.283011
2844 0.283011
2843 0.283011
2731 0.283011
2673 0.283011
3260 0.282991
3237 0.282991
3231 0.282991
3225 0.282991
3080 0.282991
2829 0.282991
2784 0.282991
2768 0.282991
2761 0.282991
2684 0.282991
3285 0.282971
3243 0.282971
3193 0.282971
3176 0.282971
3041 0.282971
2987 0.282971
2908 0.282971
2846 0.282971
2797 0.282971
2705 0.282971
3273 0.282951
3221 0.282951
2845 0.282951
2701 0.282951
2663 0.282951
3390 0.282932
3379 0.282932
3279 0.282932
3215 0.282932
3211 0.282932
3170 0.282932
3081 0.282932
2978 0.282932
2812 0.282932
3337 0.282912
3262 0.282912
3209 0.282912
3013 0.282912
3007 0.282912
2984 0.282912
2819 0.282912
2795 0.282912
2733 0.282912
2702 0.282912
2686 0.282912
3431 0.282892
3294 0.282892
3286 0.282892
3223 0.282892
3163 0.282892
3075 0.282892
2981 0.282892
2941 0.282892
3306 0.282872
3199 0.282872
3039 0.282872
3032 0.282872
2967 0.282872
2891 0.282872
2870 0.282872
2851 0.282872
2830 0.282872
2807 0.282872
2803 0.282872
2759 0.282872
3432 0.282852
3430 0.282852
3380 0.282852
3328 0.282852
3236 0.282852
3139 0.282852
2948 0.282852
2868 0.282852
2848 0.282852
2762 0.282852
2737 0.282852
2687 0.282852
3421 0.282833
3356 0.282833
3318 0.282833
3276 0.282833
3103 0.282833
3042 0.282833
2949 0.282833
2934 0.282833
2918 0.282833
2859 0.282833
2744 0.282833
2667 0.282833
3393 0.282813
3329 0.282813
3325 0.282813
3307 0.282813
3241 0.282813
3189 0.282813
3171 0.282813
3138 0.282813
3009 0.282813
2889 0.282813
2809 0.282813
2794 0.282813
2789 0.282813
2779 0.282813
2735 0.282813
2696 0.282813
2670 0.282813
3414 0.282793
3359 0.282793
3309 0.282793
3300 0.282793
3109 0.282793
2971 0.282793
2917 0.282793
2903 0.282793
2856 0.282793
2831 0.282793
2703 0.282793
3392 0.282773
3383 0.282773
3382 0.282773
3373 0.282773
3312 0.282773
3194 0.282773
3167 0.282773
3110 0.282773
3043 0.282773
2983 0.282773
2972 0.282773
2965 0.282773
2959 0.282773
2947 0.282773
2858 0.282773
2726 0.282773
3423 0.282753
3374 0.282753
3340 0.282753
3326 0.282753
3314 0.282753
3283 0.282753
3192 0.282753
3144 0.282753
3093 0.282753
3069 0.282753
3068 0.282753
3050 0.282753
3008 0.282753
2923 0.282753
2879 0.282753
2818 0.282753
2697 0.282753
2682 0.282753
3402 0.282734
3371 0.282734
3357 0.282734
3242 0.282734
3208 0.282734
3157 0.282734
3095 0.282734
3058 0.282734
3048 0.282734
2995 0.282734
2982 0.282734
2888 0.282734
2820 0.282734
2746 0.282734
2700 0.282734
3343 0.282714
3315 0.282714
3249 0.282714
3246 0.282714
3244 0.282714
3229 0.282714
3210 0.282714
3151 0.282714
3066 0.282714
3061 0.282714
3024 0.282714
2997 0.282714
2957 0.282714
2933 0.282714
2876 0.282714
2837 0.282714
2771 0.282714
3405 0.282694
3352 0.282694
3156 0.282694
3130 0.282694
3067 0.282694
2990 0.282694
2954 0.282694
2821 0.282694
2766 0.282694
2747 0.282694
2727 0.282694
2710 0.282694
2699 0.282694
3349 0.282674
3292 0.282674
3281 0.282674
3254 0.282674
3190 0.282674
3155 0.282674
3112 0.282674
3105 0.282674
3028 0.282674
2935 0.282674
2847 0.282674
2791 0.282674
2769 0.282674
2723 0.282674
2709 0.282674
2685 0.282674
3367 0.282654
3358 0.282654
3311 0.282654
3202 0.282654
3200 0.282654
3153 0.282654
3141 0.282654
3092 0.282654
3063 0.282654
3012 0.282654
2961 0.282654
2900 0.282654
2878 0.282654
2861 0.282654
2852 0.282654
2816 0.282654
2695 0.282654
2688 0.282654
3425 0.282635
3418 0.282635
3388 0.282635
3133 0.282635
3128 0.282635
3099 0.282635
3088 0.282635
3083 0.282635
3053 0.282635
3015 0.282635
2942 0.282635
2926 0.282635
2886 0.282635
2882 0.282635
2802 0.282635
2801 0.282635
3427 0.282615
3368 0.282615
3354 0.282615
3338 0.282615
3334 0.282615
3308 0.282615
3269 0.282615
3251 0.282615
3218 0.282615
3122 0.282615
2895 0.282615
2834 0.282615
2804 0.282615
2790 0.282615
3428 0.282595
3401 0.282595
3398 0.282595
3376 0.282595
3322 0.282595
3266 0.282595
3235 0.282595
3197 0.282595
3181 0.282595
3180 0.282595
3131 0.282595
3126 0.282595
3045 0.282595
3030 0.282595
2930 0.282595
2898 0.282595
2893 0.282595
2805 0.282595
2799 0.282595
2732 0.282595
3436 0.282575
3424 0.282575
3389 0.282575
3372 0.282575
3336 0.282575
3333 0.282575
3323 0.282575
3317 0.282575
3216 0.282575
3159 0.282575
3094 0.282575
2902 0.282575
2811 0.282575
3370 0.282555
3270 0.282555
3217 0.282555
3175 0.282555
3161 0.282555
3127 0.282555
3091 0.282555
3074 0.282555
3055 0.282555
3044 0.282555
2899 0.282555
2884 0.282555
2824 0.282555
2776 0.282555
2774 0.282555
2767 0.282555
2721 0.282555
2671 0.282555
3429 0.282536
3310 0.282536
3305 0.282536
3271 0.282536
3227 0.282536
3147 0.282536
3059 0.282536
2980 0.282536
2817 0.282536
2736 0.282536
2692 0.282536
3143 0.282516
3121 0.282516
2963 0.282516
2855 0.282516
3413 0.282496
3375 0.282496
3037 0.282496
2998 0.282496
2975 0.282496
2952 0.282496
2922 0.282496
2860 0.282496
2808 0.282496
2798 0.282496
2792 0.282496
2722 0.282496
2714 0.282496
2691 0.282496
3408 0.282476
3407 0.282476
3282 0.282476
3268 0.282476
3134 0.282476
3125 0.282476
3006 0.282476
2857 0.282476
2788 0.282476
3230 0.282457
3183 0.282457
3071 0.282457
3031 0.282457
2842 0.282457
1941 0.282062
862 0.281826
2328 0.281747
2266 0.281708
2047 0.281708
2333 0.281629
2087 0.281551
2282 0.281511
2555 0.281139
2509 0.281119
2468 0.281002
2149 0.281002
2642 0.280983
2542 0.280963
1920 0.280904
2125 0.280865
2294 0.280748
2344 0.280729
1947 0.280709
2241 0.280690
2196 0.280651
2176 0.280651
2169 0.280631
1948 0.280612
2028 0.280573
2512 0.280553
2419 0.280495
2052 0.280436
2582 0.280339
2132 0.280339
2616 0.280319
2148 0.280261
2394 0.280222
2246 0.280222
1954 0.280183
1940 0.280183
2592 0.280144
2588 0.280144
119 0.280105
2368 0.280047
2151 0.280047
1959 0.280047
2010 0.280008
2567 0.279969
2053 0.279950
2343 0.279911
1916 0.279911
2144 0.279892
2351 0.279853
2338 0.279834
2194 0.279834
2597 0.279756
2372 0.279756
2332 0.279717
2608 0.279640
2198 0.279582
2399 0.279466
3830 0.279427
2516 0.279427
2191 0.279427
2026 0.279427
2594 0.279388
2377 0.279388
2239 0.279369
2134 0.279369
2325 0.279330
2273 0.279330
2420 0.279292
2002 0.279214
2315 0.279137
150 0.279118
217 0.279060
2062 0.279041
189 0.279041
64 0.279041
2101 0.278944
2385 0.278829
2031 0.278829
1994 0.278810
2285 0.278790
2293 0.278771
2465 0.278733
2330 0.278733
2003 0.278733
2215 0.278694
3684 0.278675
3633 0.278636
2501 0.278636
2155 0.278598
3948 0.278521
3756 0.278521
2609 0.278521
2137 0.278521
3851 0.278483
3495 0.278483
3877 0.278406
3577 0.278387
3456 0.278387
3677 0.278348
3501 0.278348
2519 0.278252
3797 0.278233
2163 0.278176
2544 0.278157
2355 0.278157
2185 0.278137
2389 0.278118
3962 0.278099
3692 0.278080
3674 0.278080
3525 0.278042
2295 0.278023
3540 0.278003
3721 0.277965
3651 0.277965
1913 0.277946
3886 0.277908
3750 0.277908
3609 0.277908
2605 0.277908
2413 0.277908
2298 0.277908
3440 0.277850
3943 0.277831
3550 0.277755
2530 0.277736
3741 0.277698
2065 0.277678
3872 0.277659
3592 0.277640
3561 0.277621
3556 0.277602
2496 0.277602
496 0.277411
422 0.277316
564 0.276462
464 0.276462
364 0.276462
501 0.276443
441 0.276443
399 0.276443
393 0.276424
476 0.276405
351 0.276386
56 0.275857
67 0.275820
322 0.275744
21 0.275613
122 0.275575
315 0.275443
304 0.275425
493 0.275406
394 0.275274
285 0.275274
213 0.275124
169 0.275106
339 0.274900
324 0.274881
308 0.274843
7 0.274769
103 0.274694
246 0.274657
87 0.274638
494 0.274619
156 0.274619
146 0.274582
125 0.274470
120 0.274470
367 0.274358
639 0.274134
560 0.274116
487 0.273967
557 0.273893
446 0.273688
385 0.273318
671 0.273263
368 0.273207
678 0.273152
535 0.273152
409 0.273022
398 0.272985
630 0.272967
555 0.272506
584 0.272470
375 0.272414
481 0.272212
587 0.272176
548 0.272102
620 0.272066
547 0.271974
352 0.271919
488 0.271901
536 0.271883
396 0.271883
359 0.271864
489 0.271828
355 0.271809
593 0.271590
565 0.271590
462 0.271590
440 0.271553
673 0.271499
653 0.271499
652 0.271499
458 0.271499
474 0.271480
586 0.271462
679 0.271444
519 0.271444
656 0.271407
644 0.271389
539 0.271389
450 0.271389
521 0.271371
361 0.271371
680 0.271316
654 0.271298
540 0.271225
418 0.271225
410 0.271225
698 0.271189
618 0.271189
574 0.271171
502 0.271171
491 0.271171
490 0.271171
403 0.271152
666 0.271116
413 0.271098
354 0.271098
390 0.271079
592 0.271025
579 0.270989
663 0.270916
655 0.270861
551 0.270825
424 0.270825
372 0.270825
486 0.270807
509 0.270789
495 0.270789
445 0.270789
619 0.270752
505 0.270752
636 0.270734
617 0.270734
381 0.270734
380 0.270716
677 0.270698
362 0.270698
597 0.270680
589 0.270680
616 0.270643
685 0.270589
682 0.270517
635 0.270498
631 0.270480
365 0.270462
478 0.270426
657 0.270408
573 0.270408
498 0.270408
382 0.270408
529 0.270372
533 0.270317
470 0.270317
583 0.270281
662 0.270263
661 0.270263
659 0.270263
658 0.270263
643 0.270263
627 0.270263
615 0.270263
600 0.270263
578 0.270263
681 0.270245
675 0.270245
670 0.270245
640 0.270245
599 0.270245
568 0.270245
650 0.270227
632 0.270227
577 0.270227
522 0.270227
625 0.270209
582 0.270209
532 0.270209
437 0.270209
429 0.270209
684 0.270191
466 0.270191
371 0.270191
647 0.270173
595 0.270173
349 0.270173
665 0.270155
605 0.270155
603 0.270155
664 0.270136
623 0.270136
611 0.270118
598 0.270118
562 0.270118
453 0.270118
633 0.270100
612 0.270100
572 0.270100
552 0.270100
530 0.270100
467 0.270100
406 0.270100
384 0.270100
626 0.270082
588 0.270082
576 0.270082
571 0.270082
499 0.270082
454 0.270082
448 0.270082
411 0.270082
386 0.270082
383 0.270082
356 0.270082
622 0.270064
468 0.270064
443 0.270064
401 0.270064
379 0.270064
377 0.270064
628 0.270046
575 0.270046
550 0.270046
447 0.270046
358 0.270046
672 0.269974
621 0.269956
660 0.269884
648 0.269866
642 0.269866
581 0.269866
674 0.269848
668 0.269848
638 0.269848
624 0.269848
613 0.269848
608 0.269848
607 0.269848
602 0.269848
585 0.269848
80 0.267914
166 0.267719
163 0.267612
202 0.267577
1939 0.267011
1972 0.266852
2171 0.266781
2364 0.266764
2116 0.266764
1973 0.266764
1951 0.266746
1995 0.266728
2001 0.266675
2640 0.266605
2538 0.266605
2284 0.266605
2018 0.266587
1998 0.266570
2024 0.266552
2378 0.266499
2004 0.266499
2447 0.266482
1991 0.266482
2647 0.266464
2583 0.266429
2459 0.266429
2009 0.266412
2027 0.266394
2225 0.266359
2494 0.266306
2157 0.266306
1976 0.266306
2660 0.266289
2636 0.266289
2337 0.266236
2571 0.266148
2635 0.265973
1985 0.263577
2233 0.263543
2142 0.263525
2206 0.263336
2611 0.263285
2410 0.263285
2229 0.263285
2218 0.263251
2078 0.263233
2123 0.263216
1993 0.263216
2464 0.263199
2560 0.263182
2507 0.263182
2240 0.263182
2244 0.263165
2309 0.263148
1983 0.263148
2602 0.263130
2340 0.263130
2131 0.263130
2088 0.263130
2590 0.263113
2369 0.263113
2324 0.263113
2604 0.263096
2607 0.263079
2220 0.263079
2073 0.263079
2188 0.263062
2172 0.263045
2059 0.263045
2150 0.263028
1943 0.263028
2526 0.263010
2428 0.263010
1946 0.263010
2601 0.262993
2331 0.262993
2201 0.262993
1917 0.262993
2090 0.262976
1938 0.262976
2624 0.262959
2564 0.262959
2118 0.262959
2586 0.262942
2030 0.262942
1962 0.262942
2625 0.262925
2184 0.262925
2064 0.262925
2615 0.262908
2593 0.262908
2275 0.262908
2290 0.262891
2103 0.262891
2414 0.262874
2323 0.262874
2600 0.262856
2339 0.262856
2500 0.262839
2104 0.262839
2326 0.262822
2271 0.262822
2395 0.262805
2376 0.262805
2492 0.262788
2409 0.262788
2139 0.262788
1984 0.262788
2354 0.262771
2093 0.262771
2381 0.262754
2045 0.262754
1979 0.262754
1971 0.262754
2278 0.262720
2043 0.262720
2630 0.262702
2553 0.262702
2200 0.262702
2037 0.262702
2033 0.262702
2356 0.262685
1966 0.262685
2140 0.262668
2404 0.262651
2460 0.262634
2124 0.262634
2655 0.262617
2374 0.262617
2352 0.262617
2190 0.262617
2069 0.262617
2363 0.262600
2638 0.262583
2559 0.262566
2520 0.262566
2423 0.262566
2619 0.262549
2578 0.262549
2108 0.262549
2550 0.262515
2074 0.262515
2549 0.262498
2446 0.262498
1918 0.262498
2482 0.262480
2154 0.262480
2112 0.262480
2551 0.262446
2370 0.262446
2121 0.262446
2020 0.262446
2253 0.262429
2308 0.262412
2561 0.262395
2299 0.262395
2257 0.262395
2005 0.262395
2276 0.262378
2095 0.262378
2408 0.262361
1986 0.262361
2573 0.262344
2040 0.262344
2654 0.262327
2504 0.262327
2348 0.262327
1929 0.262327
271 0.262327
2433 0.262259
2359 0.262259
2083 0.262259
25 0.262259
2430 0.262242
2122 0.262242
26 0.262242
2495 0.262225
2546 0.262208
277 0.262191
252 0.262191
2575 0.262157
2521 0.262157
2307 0.262157
2084 0.262157
2063 0.262157
2539 0.262140
2212 0.262140
2386 0.262123
2334 0.262123
2485 0.262089
239 0.262089
2115 0.262072
2086 0.262072
2646 0.262055
2469 0.262055
2109 0.262055
1997 0.262055
203 0.262055
200 0.262055
9 0.262055
2216 0.262021
2556 0.261987
2623 0.261970
2467 0.261970
2261 0.261953
2165 0.261936
98 0.261919
2484 0.261902
2077 0.261902
188 0.261902
1925 0.261885
199 0.261885
2506 0.261868
2329 0.261868
2237 0.261868
170 0.261868
2046 0.261851
1953 0.261851
272 0.261851
2300 0.261834
186 0.261834
40 0.261834
332 0.261817
280 0.261817
142 0.261817
172 0.261783
113 0.261766
2418 0.261749
2098 0.261749
325 0.261749
323 0.261749
2631 0.261732
2579 0.261732
261 0.261732
2056 0.261715
313 0.261715
236 0.261715
109 0.261715
291 0.261698
118 0.261698
2477 0.261681
2306 0.261681
2552 0.261664
342 0.261664
82 0.261664
2563 0.261630
104 0.261630
53 0.261613
13 0.261613
2489 0.261596
329 0.261596
211 0.261596
2532 0.261562
2060 0.261562
334 0.261562
224 0.261562
141 0.261562
128 0.261562
346 0.261545
265 0.261545
223 0.261545
312 0.261528
185 0.261528
62 0.261528
2574 0.261512
2213 0.261512
297 0.261512
232 0.261512
161 0.261512
158 0.261512
249 0.261495
242 0.261495
72 0.261495
41 0.261495
238 0.261478
31 0.261478
204 0.261461
94 0.261461
48 0.261461
320 0.261444
303 0.261444
248 0.261444
231 0.261444
115 0.261444
92 0.261444
2210 0.261427
331 0.261427
302 0.261427
299 0.261427
180 0.261427
148 0.261427
88 0.261427
326 0.261410
194 0.261410
134 0.261410
101 0.261410
59 0.261410
2591 0.261393
2462 0.261393
1964 0.261393
343 0.261393
276 0.261393
266 0.261393
257 0.261393
212 0.261393
184 0.261393
133 0.261393
123 0.261393
2537 0.261376
254 0.261376
214 0.261376
175 0.261376
116 0.261376
55 0.261376
30 0.261376
23 0.261376
3 0.261376
1 0.261376
2179 0.261359
345 0.261359
330 0.261359
284 0.261359
281 0.261359
197 0.261359
187 0.261359
137 0.261359
132 0.261359
130 0.261359
127 0.261359
24 0.261359
19 0.261359
2554 0.261342
2499 0.261342
2478 0.261342
258 0.261342
227 0.261342
144 0.261342
66 0.261342
57 0.261342
39 0.261342
20 0.261342
14 0.261342
2392 0.261325
2164 0.261325
290 0.261325
274 0.261325
251 0.261325
226 0.261325
176 0.261325
159 0.261325
149 0.261325
111 0.261325
105 0.261325
85 0.261325
75 0.261325
2434 0.261308
314 0.261308
310 0.261308
196 0.261308
178 0.261308
108 0.261308
99 0.261308
84 0.261308
29 0.261308
28 0.261308
17 0.261308
5 0.261308
341 0.261292
143 0.261292
121 0.261292
79 0.261292
65 0.261292
45 0.261292
2407 0.261275
318 0.261275
298 0.261275
268 0.261275
222 0.261275
177 0.261275
168 0.261275
165 0.261275
140 0.261275
50 0.261275
36 0.261275
22 0.261275
309 0.261258
295 0.261258
278 0.261258
275 0.261258
225 0.261258
181 0.261258
135 0.261258
73 0.261258
69 0.261258
10 0.261258
4 0.261258
2 0.261258
1989 0.261241
344 0.261241
337 0.261241
328 0.261241
306 0.261241
273 0.261241
230 0.261241
218 0.261241
195 0.261241
139 0.261241
100 0.261241
96 0.261241
78 0.261241
68 0.261241
38 0.261241
16 0.261241
2429 0.261224
2353 0.261224
1963 0.261224
333 0.261224
319 0.261224
260 0.261224
259 0.261224
243 0.261224
221 0.261224
162 0.261224
106 0.261224
93 0.261224
91 0.261224
89 0.261224
60 0.261224
54 0.261224
8 0.261224
2313 0.261207
347 0.261207
338 0.261207
317 0.261207
311 0.261207
300 0.261207
296 0.261207
263 0.261207
237 0.261207
208 0.261207
167 0.261207
151 0.261207
131 0.261207
129 0.261207
126 0.261207
83 0.261207
51 0.261207
340 0.261190
229 0.261190
219 0.261190
147 0.261190
117 0.261190
102 0.261190
95 0.261190
86 0.261190
77 0.261190
63 0.261190
44 0.261190
32 0.261190
6 0.261190
283 0.261173
264 0.261173
250 0.261173
245 0.261173
235 0.261173
193 0.261173
192 0.261173
152 0.261173
110 0.261173
46 0.261173
27 0.261173
2161 0.261156
327 0.261156
307 0.261156
289 0.261156
288 0.261156
270 0.261156
262 0.261156
220 0.261156
206 0.261156
201 0.261156
190 0.261156
174 0.261156
124 0.261156
49 0.261156
336 0.261139
321 0.261139
301 0.261139
294 0.261139
293 0.261139
253 0.261139
247 0.261139
240 0.261139
228 0.261139
207 0.261139
191 0.261139
182 0.261139
179 0.261139
164 0.261139
157 0.261139
155 0.261139
112 0.261139
97 0.261139
81 0.261139
76 0.261139
71 0.261139
61 0.261139
316 0.261123
305 0.261123
286 0.261123
282 0.261123
279 0.261123
267 0.261123
256 0.261123
255 0.261123
244 0.261123
241 0.261123
234 0.261123
233 0.261123
216 0.261123
205 0.261123
183 0.261123
160 0.261123
154 0.261123
153 0.261123
145 0.261123
138 0.261123
90 0.261123
70 0.261123
52 0.261123
47 0.261123
42 0.261123
35 0.261123
33 0.261123
335 0.261106
292 0.261106
287 0.261106
215 0.261106
210 0.261106
209 0.261106
114 0.261106
74 0.261106
43 0.261106
37 0.261106
18 0.261106
15 0.261106
12 0.261106
11 0.261106
2058 0.261055
2606 0.261038
2136 0.261021
2055 0.261004
2391 0.260988
1970 0.260988
2232 0.260971
2235 0.260954
2396 0.260937
2603 0.260920
2438 0.260920
2287 0.260920
2304 0.260886
2536 0.260836
2280 0.260768
2243 0.260768
2659 0.260752
1980 0.260735
1923 0.260718
2620 0.260701
2365 0.260701
2259 0.260701
1981 0.260701
1927 0.260701
1919 0.260701
2645 0.260684
2211 0.260684
2126 0.260684
2657 0.260651
2345 0.260651
2006 0.260651
2610 0.260634
2311 0.260634
2226 0.260634
2387 0.260617
2367 0.260617
2022 0.260617
1935 0.260617
2652 0.260600
2473 0.260600
2390 0.260600
2258 0.260600
2202 0.260600
2648 0.260583
2518 0.260583
2159 0.260583
2075 0.260583
2061 0.260583
1914 0.260567
2479 0.260550
2449 0.260550
2322 0.260550
2222 0.260550
2576 0.260533
2361 0.260533
2145 0.260499
2110 0.260499
2092 0.260499
1960 0.260499
2057 0.260483
2633 0.260466
2627 0.260466
2415 0.260466
2221 0.260466
2192 0.260466
2147 0.260466
2585 0.260449
2242 0.260449
2011 0.260449
1921 0.260449
2488 0.260432
1957 0.260432
1942 0.260432
1931 0.260432
2297 0.260415
2129 0.260415
2097 0.260415
2639 0.260399
2416 0.260399
2318 0.260399
2236 0.260399
2107 0.260399
2049 0.260399
2658 0.260382
2476 0.260382
2425 0.260382
2406 0.260382
2379 0.260382
2371 0.260382
2366 0.260382
2346 0.260382
2317 0.260382
2231 0.260382
2209 0.260382
1987 0.260382
1975 0.260382
2637 0.260365
2525 0.260365
2397 0.260365
2274 0.260365
1968 0.260365
2626 0.260348
2440 0.260348
2335 0.260348
2296 0.260348
2091 0.260348
2029 0.260348
1999 0.260348
1958 0.260348
2448 0.260331
2067 0.260331
2000 0.260331
2411 0.260315
2393 0.260315
2228 0.260315
2613 0.260298
2557 0.260298
2540 0.260298
2412 0.260298
2021 0.260298
2173 0.260281
2085 0.260281
2035 0.260281
2025 0.260281
2303 0.260264
2272 0.260264
2234 0.260264
1944 0.260264
2628 0.260247
2612 0.260247
2432 0.260247
2350 0.260247
2342 0.260247
2644 0.260231
2480 0.260231
2435 0.260231
2214 0.260231
2156 0.260231
2566 0.260214
2474 0.260214
2341 0.260214
2497 0.260197
2427 0.260197
2362 0.260197
2044 0.260197
2023 0.260197
2581 0.260180
2383 0.260180
2286 0.260180
2160 0.260180
2146 0.260180
2141 0.260180
1988 0.260180
2618 0.260164
2531 0.260164
2443 0.260164
2310 0.260164
2120 0.260164
2089 0.260164
2050 0.260164
1928 0.260164
3861 0.260147
2558 0.260147
2208 0.260147
2207 0.260147
2197 0.260147
1936 0.260147
2622 0.260130
2570 0.260130
2401 0.260130
2288 0.260130
2096 0.260130
2036 0.260130
3454 0.260113
2577 0.260113
2405 0.260113
2260 0.260113
1990 0.260113
1965 0.260113
2641 0.260097
2587 0.260097
2572 0.260097
2400 0.260097
2314 0.260097
2249 0.260097
2019 0.260097
1982 0.260097
2650 0.260080
2534 0.260080
2486 0.260080
2426 0.260080
2349 0.260080
2248 0.260080
2186 0.260080
2170 0.260080
2152 0.260080
2082 0.260080
2016 0.260080
2614 0.260063
2523 0.260063
2403 0.260063
2291 0.260063
2181 0.260063
2076 0.260063
2048 0.260063
1952 0.260063
3487 0.260046
2656 0.260046
2503 0.260046
2455 0.260046
2454 0.260046
2444 0.260046
2320 0.260046
2312 0.260046
2305 0.260046
2277 0.260046
2099 0.260046
2584 0.260030
2513 0.260030
2490 0.260030
2402 0.260030
2270 0.260030
2162 0.260030
2119 0.260030
2114 0.260030
2012 0.260030
1992 0.260030
1978 0.260030
1922 0.260030
3723 0.260013
2599 0.260013
2562 0.260013
2522 0.260013
2453 0.260013
2262 0.260013
2205 0.260013
2193 0.260013
3961 0.259996
2524 0.259996
2515 0.259996
2357 0.259996
2238 0.259996
2217 0.259996
2070 0.259996
1930 0.259996
2450 0.259979
2373 0.259979
2360 0.259979
1950 0.259979
1934 0.259979
2568 0.259963
2535 0.259963
2466 0.259963
2424 0.259963
2265 0.259963
2177 0.259963
2130 0.259963
2105 0.259963
1933 0.259963
1915 0.259963
2452 0.259946
2439 0.259946
2316 0.259946
2301 0.259946
2255 0.259946
2252 0.259946
2158 0.259946
2113 0.259946
2014 0.259946
2545 0.259929
2514 0.259929
2487 0.259929
2281 0.259929
2251 0.259929
2166 0.259929
2080 0.259929
2066 0.259929
2051 0.259929
2013 0.259929
1977 0.259929
2548 0.259912
2456 0.259912
2421 0.259912
2182 0.259912
2175 0.259912
2041 0.259912
2034 0.259912
1956 0.259912
1949 0.259912
2651 0.259896
2632 0.259896
2528 0.259896
2321 0.259896
2263 0.259896
2256 0.259896
2245 0.259896
2227 0.259896
2094 0.259896
2017 0.259896
2008 0.259896
1974 0.259896
1961 0.259896
2621 0.259879
2580 0.259879
2517 0.259879
2493 0.259879
2388 0.259879
2375 0.259879
2358 0.259879
2100 0.259879
1924 0.259879
2634 0.259862
2505 0.259862
2437 0.259862
2431 0.259862
2422 0.259862
2230 0.259862
2219 0.259862
2167 0.259862
2015 0.259862
2565 0.259846
2527 0.259846
2441 0.259846
2204 0.259846
2106 0.259846
1996 0.259846
1969 0.259846
1937 0.259846
2595 0.259829
2483 0.259829
2481 0.259829
2442 0.259829
2380 0.259829
2178 0.259829
2168 0.259829
2541 0.259812
2382 0.259812
2596 0.259795
2569 0.259795
2470 0.259795
2457 0.259795
2269 0.259795
2195 0.259795
2079 0.259795
857 0.254202
3596 0.240429
3938 0.240386
3545 0.240386
3604 0.240286
3838 0.240071
3521 0.240029
3611 0.240014
3824 0.239914
3804 0.239900
3800 0.239900
3793 0.239900
3734 0.239900
3584 0.239900
3506 0.239886
3971 0.239872
3966 0.239872
3930 0.239872
3672 0.239872
3593 0.239872
3586 0.239872
3488 0.239872
3448 0.239872
3968 0.239857
3790 0.239843
3449 0.239843
3442 0.239843
3906 0.239829
3758 0.239829
3926 0.239815
3680 0.239815
3902 0.239800
3640 0.239800
3576 0.239800
3924 0.239786
3842 0.239786
3514 0.239786
3731 0.239772
3737 0.239758
3605 0.239758
3873 0.239744
3705 0.239744
3702 0.239744
3558 0.239744
3455 0.239744
3860 0.239729
3829 0.239729
3629 0.239729
3625 0.239729
3528 0.239715
3951 0.239701
3810 0.239701
3794 0.239701
3568 0.239701
3529 0.239701
3945 0.239687
3900 0.239687
3884 0.239687
3841 0.239672
3722 0.239672
3687 0.239672
3617 0.239672
3599 0.239672
3553 0.239672
3542 0.239672
3518 0.239672
3947 0.239658
3869 0.239658
3858 0.239658
3833 0.239658
3826 0.239658
3782 0.239658
3475 0.239658
3918 0.239644
3557 0.239644
3464 0.239644
3921 0.239630
3822 0.239630
3738 0.239630
3526 0.239630
3486 0.239630
3764 0.239615
3711 0.239615
3693 0.239615
3468 0.239615
3828 0.239601
3730 0.239601
3728 0.239601
3469 0.239601
3460 0.239601
3825 0.239587
3740 0.239587
3718 0.239587
3635 0.239587
3590 0.239587
3559 0.239587
3907 0.239573
3870 0.239573
3867 0.239573
3835 0.239573
3821 0.239573
3714 0.239573
3713 0.239573
3710 0.239573
3690 0.239573
3569 0.239573
3466 0.239573
3969 0.239559
3831 0.239559
3753 0.239559
3706 0.239559
3636 0.239559
3505 0.239559
3480 0.239559
3471 0.239559
3956 0.239544
3927 0.239544
3891 0.239544
3707 0.239544
3643 0.239544
3578 0.239544
3508 0.239544
3497 0.239544
3463 0.239544
3438 0.239544
3768 0.239530
3719 0.239530
3667 0.239530
3642 0.239530
3628 0.239530
3534 0.239530
3527 0.239530
3491 0.239530
3933 0.239516
3931 0.239516
3915 0.239516
3909 0.239516
3852 0.239516
3836 0.239516
3747 0.239516
3670 0.239516
3656 0.239516
3634 0.239516
3573 0.239516
3511 0.239516
3509 0.239516
3443 0.239516
3896 0.239502
3803 0.239502
3791 0.239502
3786 0.239502
3779 0.239502
3761 0.239502
3697 0.239502
3648 0.239502
3601 0.239502
3554 0.239502
3499 0.239502
3850 0.239488
3845 0.239488
3618 0.239488
3615 0.239488
3555 0.239488
3538 0.239488
3510 0.239488
3500 0.239488
3462 0.239488
3458 0.239488
3866 0.239473
3862 0.239473
3785 0.239473
3776 0.239473
3759 0.239473
3752 0.239473
3743 0.239473
3725 0.239473
3627 0.239473
3623 0.239473
3612 0.239473
3608 0.239473
3591 0.239473
3535 0.239473
3517 0.239473
3496 0.239473
3493 0.239473
3485 0.239473
3972 0.239459
3957 0.239459
3913 0.239459
3903 0.239459
3881 0.239459
3868 0.239459
3774 0.239459
3698 0.239459
3645 0.239459
3498 0.239459
3474 0.239459
3450 0.239459
3960 0.239445
3837 0.239445
3762 0.239445
3760 0.239445
3757 0.239445
3683 0.239445
3662 0.239445
3646 0.239445
3602 0.239445
3587 0.239445
3571 0.239445
3564 0.239445
3563 0.239445
3519 0.239445
3478 0.239445
3473 0.239445
3967 0.239431
3950 0.239431
3920 0.239431
3898 0.239431
3809 0.239431
3802 0.239431
3780 0.239431
3735 0.239431
3658 0.239431
3620 0.239431
3579 0.239431
3546 0.239431
3524 0.239431
3470 0.239431
3465 0.239431
3452 0.239431
3976 0.239417
3975 0.239417
3964 0.239417
3929 0.239417
3917 0.239417
3912 0.239417
3889 0.239417
3883 0.239417
3855 0.239417
3815 0.239417
3792 0.239417
3739 0.239417
3726 0.239417
3708 0.239417
3703 0.239417
3701 0.239417
3696 0.239417
3695 0.239417
3685 0.239417
3655 0.239417
3649 0.239417
3613 0.239417
3610 0.239417
3574 0.239417
3562 0.239417
3549 0.239417
3533 0.239417
3532 0.239417
3490 0.239417
3484 0.239417
3479 0.239417
3476 0.239417
3472 0.239417
3459 0.239417
3937 0.239402
3874 0.239402
3823 0.239402
3818 0.239402
3799 0.239402
3773 0.239402
3715 0.239402
3675 0.239402
3663 0.239402
3624 0.239402
3621 0.239402
3595 0.239402
3567 0.239402
3523 0.239402
3516 0.239402
3481 0.239402
3944 0.239388
3895 0.239388
3892 0.239388
3847 0.239388
3819 0.239388
3783 0.239388
3778 0.239388
3769 0.239388
3679 0.239388
3657 0.239388
3644 0.239388
3630 0.239388
3547 0.239388
3512 0.239388
3503 0.239388
3483 0.239388
3482 0.239388
3979 0.239374
3949 0.239374
3919 0.239374
3840 0.239374
3832 0.239374
3817 0.239374
3788 0.239374
3784 0.239374
3763 0.239374
3736 0.239374
3654 0.239374
3639 0.239374
3622 0.239374
3616 0.239374
3594 0.239374
3581 0.239374
3541 0.239374
3940 0.239360
3863 0.239360
3857 0.239360
3796 0.239360
3668 0.239360
3638 0.239360
3626 0.239360
3598 0.239360
3536 0.239360
3515 0.239360
3446 0.239360
3934 0.239346
3888 0.239346
3880 0.239346
3878 0.239346
3777 0.239346
3770 0.239346
3767 0.239346
3766 0.239346
3720 0.239346
3681 0.239346
3664 0.239346
3659 0.239346
3641 0.239346
3631 0.239346
3614 0.239346
3583 0.239346
3543 0.239346
3539 0.239346
3520 0.239346
3958 0.239331
3894 0.239331
3876 0.239331
3775 0.239331
3682 0.239331
3671 0.239331
3666 0.239331
3603 0.239331
3580 0.239331
3566 0.239331
3551 0.239331
3531 0.239331
3522 0.239331
3507 0.239331
3492 0.239331
3439 0.239331
3973 0.239317
3932 0.239317
3914 0.239317
3905 0.239317
3901 0.239317
3871 0.239317
3843 0.239317
3827 0.239317
3814 0.239317
3789 0.239317
3772 0.239317
3755 0.239317
3754 0.239317
3712 0.239317
3647 0.239317
3607 0.239317
3585 0.239317
3572 0.239317
3548 0.239317
3530 0.239317
3504 0.239317
3502 0.239317
3461 0.239317
3941 0.239303
3923 0.239303
3916 0.239303
3911 0.239303
3908 0.239303
3904 0.239303
3899 0.239303
3864 0.239303
3834 0.239303
3813 0.239303
3812 0.239303
3771 0.239303
3716 0.239303
3700 0.239303
3669 0.239303
3652 0.239303
3600 0.239303
3552 0.239303
3445 0.239303
3977 0.239289
3970 0.239289
3963 0.239289
3936 0.239289
3893 0.239289
3859 0.239289
3848 0.239289
3806 0.239289
3751 0.239289
3749 0.239289
3745 0.239289
3727 0.239289
3724 0.239289
3665 0.239289
3661 0.239289
3660 0.239289
3632 0.239289
3513 0.239289
3477 0.239289
3457 0.239289
3447 0.239289
3441 0.239289
3925 0.239275
3890 0.239275
3887 0.239275
3849 0.239275
3844 0.239275
3839 0.239275
3805 0.239275
3795 0.239275
3787 0.239275
3742 0.239275
3694 0.239275
3678 0.239275
3676 0.239275
3637 0.239275
3606 0.239275
3544 0.239275
3489 0.239275
3444 0.239275
3978 0.239261
3965 0.239261
3954 0.239261
3953 0.239261
3952 0.239261
3946 0.239261
3939 0.239261
3910 0.239261
3897 0.239261
3882 0.239261
3865 0.239261
3781 0.239261
3765 0.239261
3686 0.239261
3673 0.239261
3653 0.239261
3619 0.239261
3588 0.239261
3565 0.239261
3537 0.239261
3494 0.239261
3955 0.239246
3928 0.239246
3816 0.239246
3811 0.239246
3801 0.239246
3744 0.239246
3733 0.239246
3717 0.239246
3699 0.239246
3691 0.239246
3689 0.239246
3597 0.239246
3582 0.239246
3575 0.239246
3560 0.239246
3467 0.239246
3959 0.239232
3942 0.239232
3922 0.239232
3885 0.239232
3879 0.239232
3875 0.239232
3854 0.239232
3846 0.239232
3808 0.239232
3807 0.239232
3746 0.239232
3732 0.239232
3704 0.239232
3688 0.239232
3589 0.239232
3974 0.239218
3935 0.239218
3856 0.239218
3853 0.239218
3820 0.239218
3798 0.239218
3748 0.239218
3729 0.239218
3709 0.239218
3650 0.239218
3570 0.239218
3453 0.239218
3451 0.239218
868 0.232349
865 0.232349
3980 0.225448
4031 0.224845
3989 0.224783
4011 0.224758
686 0.216910
828 0.215855
713 0.215763
805 0.215705
719 0.215682
747 0.215601
745 0.215601
823 0.215590
830 0.215578
697 0.215544
703 0.215440
856 0.215394
819 0.215371
800 0.215371
774 0.215371
810 0.215314
708 0.215280
840 0.215257
803 0.215176
772 0.215153
804 0.215131
769 0.215119
753 0.215096
729 0.215096
811 0.215050
776 0.215050
798 0.215027
825 0.215016
880 0.214365
890 0.213843
869 0.213764
889 0.213606
876 0.213583
863 0.213583
878 0.213572
861 0.213572
888 0.213560
882 0.213549
871 0.213481
864 0.213481
893 0.213470
886 0.213459
885 0.213436
867 0.213425
881 0.213414
874 0.213414
872 0.213414
870 0.213414
895 0.213402
887 0.213402
879 0.213402
873 0.213402
866 0.213391
858 0.213391
894 0.213380
884 0.213380
877 0.213380
859 0.213357
892 0.213346
891 0.213346
883 0.213346
875 0.213346
4030 0.184131
4023 0.184123
3998 0.184089
3982 0.184089
4014 0.184073
4021 0.184064
3997 0.184064
3994 0.184064
4009 0.184056
4004 0.184056
4038 0.184047
4026 0.184047
4017 0.184047
4000 0.184047
3995 0.184047
3986 0.184047
4020 0.184039
4019 0.184039
3981 0.184039
4027 0.184031
4018 0.184031
4002 0.184031
3988 0.184031
4013 0.184022
3993 0.184022
3985 0.184022
4003 0.184014
4037 0.184005
4025 0.184005
4016 0.184005
4007 0.184005
3999 0.184005
3996 0.184005
3990 0.184005
4033 0.183997
4005 0.183997
3992 0.183997
3991 0.183997
4036 0.183989
4034 0.183989
4032 0.183989
4029 0.183989
4028 0.183989
4012 0.183989
4006 0.183989
4001 0.183989
3987 0.183989
3983 0.183989
4035 0.183980
4024 0.183980
4022 0.183980
4015 0.183980
4010 0.183980
4008 0.183980
3984 0.183980
705 0.178807
824 0.178728
694 0.178696
688 0.178696
781 0.178680
815 0.178649
724 0.178641
728 0.178633
827 0.178625
853 0.178609
834 0.178601
695 0.178586
784 0.178578
849 0.178570
820 0.178570
752 0.178562
687 0.178562
842 0.178554
773 0.178546
726 0.178546
766 0.178538
780 0.178530
829 0.178522
696 0.178515
838 0.178507
760 0.178507
754 0.178499
807 0.178491
739 0.178491
718 0.178491
787 0.178483
814 0.178475
797 0.178475
764 0.178475
731 0.178475
847 0.178467
770 0.178467
727 0.178467
738 0.178459
765 0.178451
817 0.178444
845 0.178436
792 0.178436
734 0.178436
701 0.178436
848 0.178428
763 0.178428
835 0.178420
793 0.178412
782 0.178412
758 0.178412
755 0.178412
748 0.178412
711 0.178412
720 0.178404
809 0.178396
783 0.178396
779 0.178396
777 0.178396
709 0.178396
706 0.178396
818 0.178388
795 0.178388
741 0.178388
730 0.178388
778 0.178381
737 0.178381
735 0.178381
844 0.178373
831 0.178373
693 0.178373
843 0.178365
839 0.178365
833 0.178365
822 0.178365
806 0.178365
771 0.178365
837 0.178357
794 0.178357
768 0.178357
762 0.178357
736 0.178357
732 0.178357
722 0.178357
714 0.178357
789 0.178349
751 0.178349
723 0.178349
716 0.178349
712 0.178349
836 0.178341
826 0.178341
799 0.178341
742 0.178341
759 0.178333
756 0.178333
715 0.178333
850 0.178325
813 0.178325
707 0.178325
821 0.178318
816 0.178318
812 0.178318
808 0.178318
786 0.178318
761 0.178318
746 0.178318
710 0.178318
690 0.178318
767 0.178310
740 0.178310
733 0.178310
725 0.178310
702 0.178310
689 0.178310
846 0.178302
796 0.178302
791 0.178302
700 0.178302
721 0.178294
691 0.178294
851 0.178286
832 0.178286
802 0.178286
704 0.178286
855 0.178278
852 0.178278
790 0.178278
788 0.178278
757 0.178278
717 0.178278
854 0.178270
785 0.178270
743 0.178270
841 0.178262
775 0.178262
750 0.178262
749 0.178262
744 0.178262
699 0.178262
801 0.178255
692 0.178255
