3437 0.007301
107 0.006640
1684 0.006376
0 0.006004
1912 0.003809
3980 0.002642
348 0.002421
686 0.002169
414 0.001929
698 0.001234
483 0.001163
3830 0.001152
376 0.000941
3596 0.000938
828 0.000906
56 0.000904
3684 0.000872
428 0.000850
25 0.000834
3604 0.000829
1800 0.000825
1888 0.000821
412 0.000798
1352 0.000787
1472 0.000784
136 0.000779
252 0.000768
3280 0.000761
484 0.000761
2313 0.000753
3756 0.000752
3320 0.000748
1584 0.000747
2047 0.000738
3948 0.000736
896 0.000733
1768 0.000724
2384 0.000716
304 0.000715
824 0.000713
200 0.000712
322 0.000711
67 0.000710
856 0.000706
3116 0.000701
2716 0.000701
3938 0.000699
3672 0.000691
312 0.000691
271 0.000686
3545 0.000685
277 0.000673
580 0.000672
1104 0.000667
3584 0.000666
272 0.000666
1536 0.000665
3256 0.000664
119 0.000664
500 0.000658
1804 0.000657
917 0.000654
188 0.000652
713 0.000652
1612 0.000648
3633 0.000642
475 0.000642
2328 0.000641
332 0.000638
21 0.000637
3152 0.000636
1964 0.000636
26 0.000634
3232 0.000632
3521 0.000632
1204 0.000631
3968 0.000630
1376 0.000628
592 0.000627
122 0.000626
460 0.000625
3291 0.000620
3076 0.000619
2724 0.000617
3360 0.000615
40 0.000615
637 0.000613
688 0.000610
400 0.000609
3060 0.000606
3456 0.000604
1192 0.000604
705 0.000603
2951 0.000602
2904 0.000598
172 0.000596
2944 0.000595
724 0.000595
3800 0.000595
563 0.000591
3140 0.000590
3824 0.000588
2543 0.000586
3132 0.000586
3448 0.000586
2292 0.000586
1184 0.000585
517 0.000584
1736 0.000580
544 0.000580
2268 0.000580
3252 0.000580
2032 0.000580
280 0.000579
805 0.000579
3101 0.000578
719 0.000574
3324 0.000574
2336 0.000571
1086 0.000571
2748 0.000568
3804 0.000567
3488 0.000567
1663 0.000567
3172 0.000567
239 0.000567
1620 0.000567
1783 0.000566
2960 0.000566
1604 0.000566
2742 0.000565
3397 0.000562
3396 0.000561
2730 0.000561
1431 0.000561
1516 0.000561
353 0.000561
363 0.000560
916 0.000560
436 0.000560
3495 0.000560
315 0.000559
2992 0.000558
3082 0.000558
1876 0.000557
3136 0.000557
492 0.000557
1504 0.000556
2828 0.000555
747 0.000555
3072 0.000554
236 0.000554
2839 0.000553
2068 0.000552
1420 0.000552
2956 0.000550
456 0.000550
1628 0.000549
3616 0.000549
2928 0.000548
3344 0.000547
1730 0.000544
1256 0.000544
2800 0.000543
1052 0.000543
1085 0.000543
3576 0.000541
2347 0.000540
2072 0.000540
3677 0.000539
2863 0.000539
1132 0.000538
524 0.000538
3692 0.000537
1076 0.000537
2916 0.000537
1277 0.000537
9 0.000536
2176 0.000536
3640 0.000535
1456 0.000533
3104 0.000533
408 0.000532
3680 0.000532
3240 0.000532
1488 0.000531
1596 0.000531
3051 0.000531
3838 0.000530
3540 0.000530
3000 0.000527
320 0.000527
1032 0.000526
3168 0.000526
556 0.000526
1827 0.000526
373 0.000526
3508 0.000526
2676 0.000525
3924 0.000524
2236 0.000524
1636 0.000523
2664 0.000523
3348 0.000523
80 0.000521
728 0.000521
784 0.000521
1844 0.000521
820 0.000520
1070 0.000520
3020 0.000519
404 0.000518
3851 0.000518
366 0.000517
1320 0.000517
2560 0.000517
3154 0.000517
88 0.000516
2780 0.000516
1124 0.000515
2468 0.000515
203 0.000513
3363 0.000513
1548 0.000512
2324 0.000512
1816 0.000512
3568 0.000512
2920 0.000512
2592 0.000512
2224 0.000511
3434 0.000511
800 0.000510
3464 0.000509
1703 0.000509
2240 0.000508
2088 0.000508
2754 0.000508
823 0.000508
2464 0.000508
924 0.000507
980 0.000507
3120 0.000507
3500 0.000507
2344 0.000506
224 0.000506
2936 0.000505
1960 0.000505
596 0.000504
848 0.000503
553 0.000502
3096 0.000502
1972 0.000502
2244 0.000502
1868 0.000501
1199 0.000501
285 0.000501
1576 0.000500
2340 0.000500
1505 0.000499
2172 0.000499
2448 0.000498
1600 0.000498
2604 0.000498
432 0.000497
1746 0.000497
2289 0.000496
2428 0.000496
3056 0.000495
2188 0.000495
2220 0.000495
3776 0.000494
2184 0.000493
3332 0.000493
2364 0.000493
1920 0.000493
1591 0.000492
104 0.000492
2133 0.000492
1304 0.000491
3084 0.000490
2376 0.000490
513 0.000489
3860 0.000489
3019 0.000489
1820 0.000489
2624 0.000488
3412 0.000487
1004 0.000487
2180 0.000486
559 0.000485
1668 0.000485
538 0.000485
2864 0.000484
1520 0.000484
752 0.000484
2564 0.000483
1148 0.000483
1236 0.000483
2488 0.000483
2199 0.000482
2064 0.000482
2796 0.000480
1589 0.000480
3764 0.000479
745 0.000479
2661 0.000479
2872 0.000479
3528 0.000479
116 0.000478
170 0.000478
2111 0.000478
1752 0.000478
2600 0.000478
1416 0.000478
1100 0.000478
1390 0.000477
566 0.000477
3918 0.000476
697 0.000476
3900 0.000476
694 0.000476
2412 0.000476
830 0.000476
444 0.000475
780 0.000475
2500 0.000474
3284 0.000473
3188 0.000473
2116 0.000473
3611 0.000472
2492 0.000472
520 0.000472
2793 0.000472
1984 0.000472
1216 0.000471
1126 0.000471
2719 0.000471
3224 0.000470
606 0.000469
1688 0.000469
2104 0.000469
2616 0.000468
1948 0.000468
3734 0.000467
2196 0.000467
3884 0.000467
1608 0.000466
204 0.000466
324 0.000465
2200 0.000465
92 0.000465
2404 0.000464
1235 0.000464
1496 0.000464
199 0.000464
1680 0.000463
1692 0.000463
1080 0.000463
2052 0.000463
180 0.000462
1284 0.000462
2140 0.000462
4000 0.000462
960 0.000462
2460 0.000461
2778 0.000461
2128 0.000461
2520 0.000461
3577 0.000461
2512 0.000460
1452 0.000459
497 0.000459
3468 0.000459
2028 0.000459
395 0.000458
3877 0.000458
3272 0.000458
1172 0.000457
3248 0.000457
2836 0.000457
3196 0.000457
3426 0.000457
1048 0.000456
2124 0.000456
1864 0.000455
184 0.000455
2372 0.000455
3442 0.000455
1941 0.000454
2332 0.000454
2352 0.000454
1360 0.000454
3460 0.000453
2081 0.000453
2132 0.000453
1136 0.000453
3960 0.000453
128 0.000453
1880 0.000453
48 0.000453
1616 0.000453
144 0.000452
708 0.000452
1716 0.000452
1128 0.000452
2108 0.000452
1712 0.000452
232 0.000452
422 0.000451
2356 0.000451
2880 0.000450
1828 0.000450
431 0.000450
2940 0.000450
2720 0.000449
2156 0.000449
3038 0.000449
840 0.000449
2608 0.000448
1707 0.000448
2284 0.000448
561 0.000448
504 0.000448
3440 0.000447
2084 0.000447
3956 0.000447
1824 0.000447
3971 0.000446
115 0.000446
3416 0.000445
3201 0.000445
2112 0.000445
2228 0.000444
3501 0.000444
696 0.000444
4030 0.000444
1833 0.000444
1020 0.000444
3330 0.000444
171 0.000444
1377 0.000443
1468 0.000443
1156 0.000442
680 0.000442
2024 0.000442
992 0.000441
72 0.000440
3628 0.000440
1622 0.000440
496 0.000439
3920 0.000439
4004 0.000439
2932 0.000439
1718 0.000438
1480 0.000438
2020 0.000438
1610 0.000438
1036 0.000438
3064 0.000438
1344 0.000437
2308 0.000437
2040 0.000437
781 0.000437
1714 0.000436
944 0.000436
20 0.000436
465 0.000436
2232 0.000436
3233 0.000436
3090 0.000435
636 0.000435
3108 0.000435
1613 0.000434
1980 0.000434
360 0.000434
213 0.000434
2640 0.000434
3728 0.000434
2988 0.000433
1624 0.000433
760 0.000433
1835 0.000433
616 0.000433
2620 0.000432
1078 0.000432
3696 0.000432
1583 0.000432
2333 0.000432
1932 0.000432
1577 0.000432
1014 0.000432
1260 0.000432
3288 0.000431
1288 0.000431
764 0.000431
644 0.000431
2508 0.000431
3648 0.000431
1720 0.000431
1396 0.000431
1459 0.000431
2276 0.000430
3184 0.000430
3264 0.000430
2408 0.000430
2126 0.000430
2440 0.000429
1540 0.000429
3214 0.000429
3674 0.000428
3480 0.000428
98 0.000427
2348 0.000427
284 0.000427
1559 0.000426
1348 0.000425
1621 0.000425
3836 0.000424
2436 0.000424
2054 0.000424
1940 0.000424
3799 0.000423
1292 0.000423
1345 0.000423
2117 0.000423
1656 0.000423
3204 0.000422
28 0.000422
2504 0.000422
946 0.000421
3586 0.000421
804 0.000421
1367 0.000420
1391 0.000420
3828 0.000420
41 0.000420
2472 0.000420
370 0.000419
2996 0.000419
1568 0.000419
2644 0.000419
3220 0.000419
2728 0.000419
2588 0.000419
3198 0.000418
2282 0.000418
3002 0.000418
2912 0.000418
1432 0.000418
3077 0.000417
925 0.000417
1399 0.000417
2148 0.000416
567 0.000416
736 0.000416
1059 0.000416
3150 0.000415
2004 0.000415
1448 0.000415
2772 0.000415
2976 0.000415
1160 0.000414
2516 0.000414
3496 0.000414
2283 0.000414
3740 0.000414
3966 0.000413
1232 0.000413
3556 0.000413
1060 0.000413
2628 0.000412
720 0.000412
452 0.000412
438 0.000412
3350 0.000412
2668 0.000412
2896 0.000411
1916 0.000411
1120 0.000411
3185 0.000410
1872 0.000410
1188 0.000410
506 0.000410
1272 0.000410
2300 0.000410
4020 0.000410
2212 0.000410
2598 0.000410
3932 0.000410
388 0.000410
908 0.000410
392 0.000410
3964 0.000408
1988 0.000408
1428 0.000407
2712 0.000407
1709 0.000407
526 0.000407
3996 0.000407
3263 0.000406
3302 0.000406
2368 0.000405
1211 0.000404
53 0.000404
1388 0.000404
1632 0.000404
1404 0.000403
3035 0.000403
4 0.000403
1786 0.000402
1580 0.000402
3793 0.000402
2056 0.000402
2007 0.000402
2694 0.000402
3004 0.000402
1024 0.000402
3296 0.000402
3842 0.000401
3017 0.000401
3052 0.000401
1380 0.000400
2216 0.000399
2648 0.000399
2556 0.000399
308 0.000399
368 0.000398
1471 0.000397
1551 0.000397
1652 0.000397
2120 0.000397
525 0.000396
2680 0.000396
2266 0.000396
1322 0.000396
1338 0.000396
2540 0.000396
291 0.000396
2986 0.000395
3797 0.000395
1904 0.000395
212 0.000395
1312 0.000395
2927 0.000394
3612 0.000394
1238 0.000394
2877 0.000394
24 0.000394
2160 0.000394
2832 0.000394
3449 0.000393
2087 0.000393
1332 0.000393
108 0.000392
248 0.000392
3040 0.000392
2304 0.000391
3656 0.000391
1469 0.000391
1644 0.000391
968 0.000391
1144 0.000391
2144 0.000390
792 0.000390
3636 0.000390
1732 0.000390
140 0.000390
3930 0.000390
604 0.000390
192 0.000390
1280 0.000389
630 0.000389
952 0.000389
1366 0.000389
560 0.000388
3868 0.000388
2901 0.000388
3212 0.000388
2484 0.000387
584 0.000387
2966 0.000387
2782 0.000387
3316 0.000387
3162 0.000387
600 0.000387
2669 0.000387
1976 0.000386
936 0.000386
3768 0.000386
364 0.000386
2784 0.000386
2060 0.000385
732 0.000385
2840 0.000384
1839 0.000384
3351 0.000384
3027 0.000384
2420 0.000384
1740 0.000384
1648 0.000383
419 0.000383
620 0.000383
579 0.000383
186 0.000383
2264 0.000383
3384 0.000383
2833 0.000383
3888 0.000382
3364 0.000382
1725 0.000382
3180 0.000382
2732 0.000382
1791 0.000382
1985 0.000382
964 0.000382
1358 0.000382
148 0.000382
3716 0.000381
684 0.000381
3592 0.000381
346 0.000381
3506 0.000381
703 0.000380
1500 0.000380
2869 0.000380
1630 0.000380
1331 0.000380
276 0.000380
420 0.000380
712 0.000379
1813 0.000379
1108 0.000378
3342 0.000377
3124 0.000377
323 0.000377
2396 0.000377
2786 0.000377
3176 0.000377
3896 0.000377
651 0.000376
2672 0.000376
3078 0.000376
512 0.000376
948 0.000375
2642 0.000375
827 0.000375
3625 0.000375
260 0.000375
2764 0.000375
1812 0.000374
1522 0.000374
2756 0.000374
2152 0.000374
1228 0.000374
1040 0.000374
8 0.000374
3638 0.000373
2192 0.000373
1512 0.000373
1926 0.000373
36 0.000373
3016 0.000373
3267 0.000372
532 0.000372
1557 0.000372
876 0.000372
3544 0.000371
1744 0.000371
2187 0.000371
3100 0.000371
2233 0.000371
548 0.000371
374 0.000370
1072 0.000370
2552 0.000370
1528 0.000370
3366 0.000370
3472 0.000370
1064 0.000370
2509 0.000370
1328 0.000370
1574 0.000369
748 0.000369
1860 0.000369
2812 0.000369
3758 0.000369
142 0.000369
3906 0.000369
768 0.000369
1808 0.000368
1028 0.000368
3852 0.000368
1588 0.000368
1000 0.000368
3455 0.000367
640 0.000367
3752 0.000366
2892 0.000366
1796 0.000366
2142 0.000366
464 0.000366
2532 0.000365
1573 0.000365
4023 0.000365
3972 0.000365
3780 0.000365
1462 0.000365
988 0.000364
776 0.000364
1945 0.000364
3848 0.000364
2777 0.000364
2844 0.000364
2708 0.000364
2611 0.000363
632 0.000363
1056 0.000363
1444 0.000363
1554 0.000363
1227 0.000363
3760 0.000363
1799 0.000362
488 0.000362
329 0.000362
984 0.000362
2849 0.000362
564 0.000362
1185 0.000361
3372 0.000361
3912 0.000360
1724 0.000360
3608 0.000360
1936 0.000360
3304 0.000360
3274 0.000359
993 0.000359
3327 0.000359
2660 0.000359
3593 0.000359
3160 0.000359
3790 0.000359
113 0.000358
664 0.000358
3347 0.000358
1424 0.000357
3962 0.000357
3988 0.000357
1340 0.000357
3026 0.000357
2924 0.000357
328 0.000357
1324 0.000357
3872 0.000357
3902 0.000357
1479 0.000356
2768 0.000356
3387 0.000356
1212 0.000356
3148 0.000356
3385 0.000356
3644 0.000356
3321 0.000356
1275 0.000355
772 0.000355
1447 0.000355
2973 0.000355
196 0.000355
3036 0.000354
1392 0.000354
2915 0.000354
2636 0.000353
695 0.000353
1436 0.000353
819 0.000353
1012 0.000353
3260 0.000353
932 0.000353
507 0.000352
2229 0.000352
1871 0.000352
2738 0.000352
3825 0.000352
1848 0.000352
514 0.000351
3328 0.000351
2848 0.000351
1879 0.000350
2679 0.000350
3737 0.000350
1676 0.000350
1300 0.000350
3664 0.000350
1772 0.000350
1017 0.000349
3629 0.000349
2320 0.000349
2444 0.000349
417 0.000349
2984 0.000349
2280 0.000349
1793 0.000349
2906 0.000349
2392 0.000349
1006 0.000349
1662 0.000348
3514 0.000348
3200 0.000348
2138 0.000348
132 0.000348
834 0.000348
3564 0.000347
3620 0.000347
1672 0.000347
2164 0.000347
2511 0.000346
3926 0.000346
853 0.000346
2153 0.000346
3353 0.000346
1159 0.000346
1893 0.000346
2260 0.000346
2102 0.000345
612 0.000345
3536 0.000345
3844 0.000345
2781 0.000345
396 0.000345
1408 0.000345
2038 0.000345
815 0.000345
3624 0.000344
2076 0.000344
1308 0.000344
3553 0.000344
2510 0.000344
378 0.000344
864 0.000343
3708 0.000343
3049 0.000343
552 0.000343
384 0.000343
1153 0.000343
3532 0.000343
3476 0.000343
1250 0.000343
1068 0.000343
2294 0.000343
888 0.000342
2296 0.000342
2684 0.000342
493 0.000342
1112 0.000342
3892 0.000341
3406 0.000341
3033 0.000341
3873 0.000341
3032 0.000341
3276 0.000341
1146 0.000341
3400 0.000340
3720 0.000340
2696 0.000340
2416 0.000340
3484 0.000340
352 0.000340
325 0.000339
2000 0.000339
542 0.000339
516 0.000338
3080 0.000338
1175 0.000338
1742 0.000338
1729 0.000338
1598 0.000338
3840 0.000338
1728 0.000338
1661 0.000338
3179 0.000338
3182 0.000338
261 0.000338
3525 0.000337
3829 0.000337
3524 0.000337
3028 0.000337
4016 0.000337
339 0.000337
2309 0.000337
1968 0.000337
169 0.000336
1222 0.000336
904 0.000336
3933 0.000336
515 0.000336
84 0.000336
1603 0.000335
118 0.000335
3145 0.000335
3792 0.000335
3791 0.000335
654 0.000334
3345 0.000334
1717 0.000334
536 0.000334
3356 0.000334
2629 0.000334
1884 0.000334
1316 0.000334
1221 0.000334
1992 0.000334
3228 0.000333
774 0.000333
313 0.000333
2410 0.000333
2755 0.000333
2317 0.000333
2555 0.000333
3420 0.000333
3605 0.000333
1173 0.000333
872 0.000332
2757 0.000332
3187 0.000332
3277 0.000332
503 0.000332
3236 0.000332
176 0.000332
912 0.000332
1361 0.000331
1336 0.000331
3365 0.000331
2909 0.000330
3747 0.000330
2750 0.000330
2674 0.000330
1356 0.000329
3417 0.000329
3087 0.000329
1899 0.000329
2868 0.000328
2206 0.000328
3452 0.000328
1373 0.000328
1944 0.000328
2471 0.000328
3945 0.000328
816 0.000328
2183 0.000328
1687 0.000328
391 0.000328
2526 0.000328
100 0.000328
617 0.000328
1508 0.000327
1329 0.000327
2946 0.000327
3529 0.000327
641 0.000326
1231 0.000326
1788 0.000326
3411 0.000326
1983 0.000326
1107 0.000325
1092 0.000325
588 0.000325
3299 0.000325
3841 0.000325
2943 0.000325
326 0.000325
2149 0.000324
2700 0.000324
3226 0.000324
3113 0.000323
1368 0.000323
1296 0.000323
2925 0.000323
573 0.000323
2279 0.000323
82 0.000323
424 0.000322
109 0.000322
1761 0.000322
3652 0.000321
1756 0.000321
1044 0.000321
3976 0.000321
2247 0.000321
2136 0.000320
3253 0.000320
68 0.000320
3216 0.000320
884 0.000320
2890 0.000320
2856 0.000320
2820 0.000320
2758 0.000320
2463 0.000319
3144 0.000319
1412 0.000319
1784 0.000319
1464 0.000318
2319 0.000318
1041 0.000318
1067 0.000318
3904 0.000318
2652 0.000318
3054 0.000318
1660 0.000318
3208 0.000318
2507 0.000317
844 0.000317
3731 0.000317
1993 0.000317
3610 0.000317
2174 0.000317
2302 0.000316
1832 0.000316
2248 0.000316
1757 0.000316
3335 0.000315
4028 0.000315
2078 0.000315
3908 0.000315
3722 0.000315
3512 0.000315
3505 0.000314
3864 0.000314
3700 0.000314
3128 0.000314
2656 0.000314
1572 0.000314
2327 0.000314
726 0.000314
3548 0.000314
2908 0.000314
3702 0.000314
3880 0.000314
3022 0.000314
1683 0.000313
2272 0.000313
3012 0.000313
2218 0.000313
2360 0.000313
476 0.000313
2602 0.000313
2894 0.000312
3891 0.000312
2865 0.000312
156 0.000312
1787 0.000312
23 0.000312
3378 0.000312
3705 0.000312
1669 0.000311
2361 0.000311
1840 0.000311
3300 0.000311
2659 0.000311
416 0.000311
3810 0.000310
264 0.000310
2480 0.000310
1460 0.000310
3380 0.000310
2910 0.000310
3558 0.000310
402 0.000310
2461 0.000310
2776 0.000309
1665 0.000309
3617 0.000309
372 0.000309
1524 0.000309
2123 0.000309
1733 0.000309
1947 0.000309
2073 0.000309
3340 0.000308
64 0.000308
1525 0.000308
1902 0.000308
508 0.000308
2129 0.000308
976 0.000308
956 0.000308
2542 0.000308
1400 0.000308
343 0.000308
1857 0.000307
1269 0.000307
3048 0.000307
242 0.000307
2369 0.000307
1764 0.000307
3944 0.000306
1570 0.000306
1509 0.000306
2131 0.000305
1180 0.000305
2939 0.000305
676 0.000305
2590 0.000305
1532 0.000305
2150 0.000305
1482 0.000304
423 0.000304
2103 0.000304
1261 0.000304
3404 0.000304
249 0.000304
2612 0.000303
1066 0.000303
3392 0.000303
168 0.000303
389 0.000303
1101 0.000303
2937 0.000303
2649 0.000303
1298 0.000303
1268 0.000303
3492 0.000303
2948 0.000302
472 0.000302
3312 0.000302
1347 0.000302
716 0.000302
576 0.000302
2127 0.000302
1943 0.000302
1867 0.000302
3244 0.000301
94 0.000301
2491 0.000301
1592 0.000301
1230 0.000301
2171 0.000301
2876 0.000301
2964 0.000301
3369 0.000300
1259 0.000300
2760 0.000300
770 0.000300
2536 0.000300
3736 0.000300
940 0.000300
296 0.000299
1330 0.000299
3068 0.000299
3992 0.000299
2607 0.000299
2092 0.000299
3107 0.000299
1689 0.000299
2071 0.000299
2107 0.000299
3668 0.000298
3784 0.000298
3520 0.000298
1938 0.000298
1491 0.000298
2241 0.000298
3295 0.000297
1837 0.000297
829 0.000297
44 0.000297
1475 0.000297
3156 0.000297
1823 0.000297
440 0.000297
2125 0.000297
3117 0.000297
3788 0.000296
3916 0.000296
3832 0.000296
1237 0.000296
1564 0.000296
1016 0.000296
4012 0.000295
1440 0.000295
1959 0.000295
1750 0.000295
3368 0.000295
1928 0.000295
3115 0.000295
3940 0.000295
3362 0.000295
3632 0.000295
3419 0.000294
773 0.000294
1305 0.000294
2331 0.000294
1611 0.000294
3247 0.000293
1427 0.000293
300 0.000293
1467 0.000293
3772 0.000293
2744 0.000293
1852 0.000293
1079 0.000293
3676 0.000293
1334 0.000293
1384 0.000293
1224 0.000293
3444 0.000293
1776 0.000293
1895 0.000293
3192 0.000292
1502 0.000292
2059 0.000292
2432 0.000292
920 0.000292
344 0.000292
1547 0.000291
2683 0.000291
2090 0.000291
1995 0.000291
1809 0.000291
628 0.000291
1917 0.000291
1675 0.000291
2866 0.000291
1335 0.000290
2143 0.000290
1704 0.000290
1946 0.000290
1515 0.000290
2250 0.000290
2201 0.000290
2601 0.000290
2576 0.000290
836 0.000290
1097 0.000290
268 0.000290
2972 0.000290
2867 0.000289
152 0.000289
3982 0.000289
3796 0.000289
2544 0.000288
461 0.000288
3298 0.000288
1770 0.000288
1892 0.000288
96 0.000288
2037 0.000288
2118 0.000287
2053 0.000287
928 0.000287
1962 0.000287
2419 0.000287
3998 0.000287
2030 0.000287
1973 0.000287
2189 0.000286
1715 0.000286
2919 0.000286
3106 0.000286
3195 0.000286
3952 0.000286
1117 0.000285
3024 0.000285
2398 0.000285
2424 0.000285
1617 0.000285
947 0.000285
1748 0.000285
842 0.000285
2036 0.000284
3466 0.000284
1951 0.000284
2905 0.000284
1896 0.000284
1849 0.000284
1465 0.000284
3580 0.000284
16 0.000284
2625 0.000284
1966 0.000284
1487 0.000284
3008 0.000284
3812 0.000283
739 0.000283
380 0.000283
862 0.000283
1255 0.000282
2969 0.000282
1116 0.000282
1640 0.000282
3403 0.000282
3886 0.000282
3516 0.000282
2586 0.000282
3146 0.000282
2275 0.000282
3336 0.000282
1158 0.000282
2615 0.000282
2339 0.000282
740 0.000282
2039 0.000282
2323 0.000282
2617 0.000282
2476 0.000281
766 0.000281
2665 0.000281
1029 0.000281
3660 0.000281
678 0.000281
1708 0.000281
2414 0.000281
356 0.000281
3542 0.000281
1051 0.000281
3526 0.000281
1619 0.000281
2325 0.000281
2567 0.000280
158 0.000280
808 0.000280
32 0.000280
1196 0.000280
3475 0.000280
2223 0.000280
2290 0.000280
1240 0.000280
1645 0.000280
2968 0.000280
2989 0.000280
1341 0.000280
2278 0.000280
2913 0.000280
1273 0.000280
1125 0.000280
2827 0.000279
2096 0.000279
942 0.000279
3297 0.000279
1544 0.000279
653 0.000279
2593 0.000279
3174 0.000279
2734 0.000279
957 0.000279
2271 0.000279
2203 0.000279
2069 0.000279
4027 0.000279
3292 0.000279
2853 0.000278
528 0.000278
2316 0.000278
568 0.000278
3504 0.000278
1282 0.000278
2688 0.000278
3600 0.000278
1954 0.000277
2016 0.000277
1597 0.000277
1214 0.000277
2888 0.000277
2395 0.000277
2498 0.000276
3339 0.000276
1370 0.000276
900 0.000276
3782 0.000276
672 0.000276
966 0.000276
1152 0.000276
609 0.000276
787 0.000276
2991 0.000276
1900 0.000276
4031 0.000275
1836 0.000275
1118 0.000275
1894 0.000275
756 0.000275
1267 0.000275
849 0.000275
3386 0.000274
3070 0.000274
52 0.000274
1979 0.000274
2001 0.000274
796 0.000274
4017 0.000274
3469 0.000274
1088 0.000273
1409 0.000273
2553 0.000273
2326 0.000273
2597 0.000273
967 0.000273
540 0.000273
572 0.000273
1971 0.000273
1798 0.000273
2093 0.000273
2787 0.000273
1563 0.000273
3693 0.000272
480 0.000272
1244 0.000272
2630 0.000272
1484 0.000272
3239 0.000272
1886 0.000272
2816 0.000272
1495 0.000272
3089 0.000272
2409 0.000272
1842 0.000271
299 0.000271
220 0.000271
3876 0.000271
2169 0.000271
141 0.000271
2900 0.000271
1122 0.000271
4036 0.000271
1593 0.000271
342 0.000270
60 0.000270
1371 0.000270
2338 0.000270
3088 0.000270
3794 0.000270
2955 0.000270
3738 0.000270
137 0.000270
3951 0.000269
208 0.000269
2351 0.000269
880 0.000269
545 0.000269
2911 0.000269
3111 0.000269
2881 0.000268
3808 0.000268
901 0.000268
2231 0.000268
2706 0.000268
1010 0.000268
1426 0.000268
2548 0.000268
2875 0.000268
397 0.000268
2045 0.000267
1423 0.000267
2139 0.000267
1129 0.000267
3352 0.000267
1831 0.000267
1789 0.000267
2194 0.000267
2012 0.000267
1721 0.000267
1666 0.000267
2288 0.000267
2381 0.000267
903 0.000267
3164 0.000266
2862 0.000266
2354 0.000266
3750 0.000266
788 0.000266
1549 0.000266
2018 0.000266
1780 0.000266
4032 0.000266
3947 0.000266
13 0.000265
214 0.000265
3599 0.000265
3712 0.000265
3119 0.000265
953 0.000265
3651 0.000265
3518 0.000264
3169 0.000264
1083 0.000264
211 0.000264
812 0.000264
2080 0.000264
1164 0.000264
2804 0.000264
2033 0.000264
2451 0.000264
1339 0.000264
4021 0.000264
2456 0.000263
2400 0.000263
1735 0.000263
3112 0.000262
340 0.000262
3711 0.000262
972 0.000262
3587 0.000262
3552 0.000262
2043 0.000262
852 0.000262
3833 0.000262
2958 0.000262
3687 0.000262
3287 0.000262
754 0.000261
718 0.000261
921 0.000261
3869 0.000261
3355 0.000261
3478 0.000261
19 0.000261
2550 0.000261
3207 0.000260
2698 0.000260
3994 0.000260
2388 0.000260
1556 0.000260
2458 0.000259
2792 0.000259
2873 0.000259
3258 0.000259
2342 0.000259
1413 0.000259
1291 0.000259
256 0.000259
244 0.000259
3822 0.000259
1166 0.000259
2884 0.000259
1792 0.000258
3261 0.000258
2048 0.000258
1696 0.000258
1405 0.000258
1333 0.000258
3086 0.000258
3118 0.000257
14 0.000257
3721 0.000257
2008 0.000257
3724 0.000257
1008 0.000257
1449 0.000257
1149 0.000257
930 0.000257
3424 0.000256
2363 0.000256
803 0.000256
2374 0.000256
1378 0.000256
2423 0.000256
1492 0.000256
3376 0.000256
124 0.000256
2312 0.000256
3044 0.000256
797 0.000255
1952 0.000255
1601 0.000255
4014 0.000255
2528 0.000255
700 0.000255
2044 0.000255
1163 0.000255
3936 0.000255
3308 0.000255
334 0.000255
3572 0.000254
1483 0.000254
1009 0.000254
1372 0.000254
1191 0.000254
3097 0.000254
3432 0.000254
1845 0.000254
832 0.000254
2950 0.000254
2655 0.000254
3858 0.000254
1533 0.000254
1364 0.000254
1898 0.000253
1794 0.000253
704 0.000253
2632 0.000253
2482 0.000253
1700 0.000253
1908 0.000253
527 0.000253
3388 0.000253
350 0.000253
3826 0.000252
2753 0.000252
2619 0.000252
1664 0.000252
2204 0.000252
2763 0.000252
2190 0.000252
2785 0.000252
3995 0.000252
1642 0.000252
2558 0.000251
1956 0.000251
1019 0.000251
2638 0.000251
2322 0.000251
194 0.000251
3950 0.000251
2594 0.000251
619 0.000251
1302 0.000251
2091 0.000251
2582 0.000250
2559 0.000250
1140 0.000250
1810 0.000250
1655 0.000250
1918 0.000250
2578 0.000250
868 0.000250
3011 0.000250
2689 0.000249
3098 0.000249
302 0.000249
160 0.000249
185 0.000249
3439 0.000249
2100 0.000249
2208 0.000249
3428 0.000248
1975 0.000248
2752 0.000248
2852 0.000248
963 0.000248
1882 0.000248
2049 0.000248
2824 0.000248
1473 0.000248
618 0.000248
2496 0.000248
1109 0.000247
2561 0.000247
3381 0.000247
1998 0.000247
2549 0.000247
3001 0.000247
1691 0.000247
62 0.000247
1248 0.000247
3861 0.000247
2042 0.000247
2533 0.000247
660 0.000247
3268 0.000246
1243 0.000246
1807 0.000246
2371 0.000246
810 0.000246
2572 0.000246
1555 0.000246
265 0.000246
112 0.000246
1003 0.000246
1861 0.000245
2074 0.000245
978 0.000245
2949 0.000245
2446 0.000245
1634 0.000245
3149 0.000245
2643 0.000245
2365 0.000244
1741 0.000244
2537 0.000244
3667 0.000244
2121 0.000244
2434 0.000244
120 0.000244
2475 0.000244
127 0.000244
3557 0.000244
1205 0.000243
2645 0.000243
1552 0.000243
4002 0.000243
1099 0.000243
2168 0.000243
3921 0.000243
1355 0.000242
2736 0.000242
1919 0.000242
336 0.000242
197 0.000242
3816 0.000242
1082 0.000242
226 0.000242
3967 0.000242
2154 0.000242
1637 0.000242
1208 0.000242
2397 0.000241
2253 0.000241
3870 0.000241
2370 0.000241
3092 0.000241
266 0.000241
149 0.000241
1924 0.000241
164 0.000241
1258 0.000241
2394 0.000241
1021 0.000241
281 0.000241
76 0.000241
2551 0.000240
463 0.000240
1307 0.000240
101 0.000240
31 0.000240
3005 0.000240
1200 0.000239
3744 0.000239
3560 0.000239
3486 0.000239
1825 0.000239
228 0.000239
3433 0.000239
3206 0.000239
2584 0.000238
3655 0.000238
1623 0.000238
591 0.000238
1986 0.000238
3034 0.000238
1084 0.000237
288 0.000237
198 0.000237
1257 0.000237
3831 0.000237
523 0.000237
3177 0.000237
2246 0.000237
240 0.000237
1168 0.000237
3436 0.000237
1264 0.000237
997 0.000237
1569 0.000237
1881 0.000237
394 0.000237
2843 0.000237
2452 0.000237
1927 0.000237
2573 0.000237
1271 0.000236
455 0.000236
996 0.000236
687 0.000236
1242 0.000236
531 0.000236
2257 0.000236
2538 0.000236
3588 0.000236
3590 0.000236
3809 0.000235
2568 0.000235
1137 0.000235
1494 0.000235
3511 0.000235
3718 0.000235
3255 0.000235
2729 0.000235
1760 0.000235
2994 0.000235
2299 0.000235
2580 0.000235
2999 0.000235
2377 0.000235
727 0.000235
1530 0.000234
3688 0.000234
1529 0.000234
2433 0.000234
4024 0.000234
4008 0.000234
3984 0.000234
1252 0.000234
954 0.000234
2447 0.000233
941 0.000233
2005 0.000233
479 0.000233
4038 0.000233
1996 0.000233
938 0.000232
2718 0.000232
1179 0.000232
3391 0.000232
3073 0.000232
2095 0.000232
3907 0.000232
2788 0.000232
216 0.000232
1929 0.000231
1131 0.000231
2022 0.000231
1114 0.000231
1826 0.000231
2666 0.000231
2135 0.000231
537 0.000231
3847 0.000230
1454 0.000230
2808 0.000230
2411 0.000230
111 0.000230
1343 0.000230
652 0.000230
5 0.000230
2256 0.000229
1217 0.000229
468 0.000229
1113 0.000229
2657 0.000229
806 0.000229
2662 0.000229
3928 0.000228
2211 0.000228
1476 0.000228
1220 0.000228
2692 0.000228
3550 0.000227
744 0.000227
1647 0.000227
2841 0.000227
1685 0.000227
1705 0.000227
223 0.000226
1290 0.000226
1605 0.000226
2252 0.000226
3219 0.000226
2378 0.000226
57 0.000226
316 0.000226
990 0.000226
2430 0.000226
2914 0.000226
2006 0.000226
2980 0.000226
3732 0.000226
2083 0.000226
2654 0.000226
1507 0.000225
3471 0.000225
975 0.000225
297 0.000225
1011 0.000224
3867 0.000224
3730 0.000224
1189 0.000224
439 0.000224
2501 0.000223
3927 0.000223
3293 0.000223
2985 0.000223
1862 0.000223
1210 0.000223
1699 0.000223
2871 0.000223
1609 0.000223
3021 0.000222
3615 0.000222
175 0.000222
3438 0.000222
2254 0.000222
3491 0.000222
2524 0.000221
2380 0.000221
3331 0.000221
2495 0.000221
2026 0.000221
448 0.000221
1102 0.000221
2740 0.000221
2704 0.000221
3 0.000220
17 0.000220
310 0.000220
1841 0.000220
1037 0.000220
1939 0.000220
3559 0.000220
3821 0.000220
2974 0.000220
2715 0.000220
2122 0.000220
3422 0.000220
3609 0.000220
1587 0.000220
1955 0.000220
275 0.000220
181 0.000220
2546 0.000219
2952 0.000219
817 0.000219
1374 0.000219
1545 0.000219
2273 0.000219
1075 0.000219
3704 0.000219
860 0.000219
3137 0.000219
1511 0.000219
2860 0.000219
656 0.000219
2575 0.000219
1435 0.000219
889 0.000219
648 0.000218
2399 0.000218
2815 0.000218
3647 0.000218
1785 0.000218
1181 0.000217
2035 0.000217
1667 0.000217
1590 0.000217
1643 0.000217
251 0.000217
7 0.000217
3753 0.000217
3986 0.000217
2145 0.000217
2359 0.000217
3698 0.000217
2675 0.000217
1359 0.000216
2438 0.000216
2810 0.000216
3850 0.000216
3538 0.000216
1049 0.000216
2307 0.000216
3915 0.000216
2191 0.000215
3710 0.000215
3573 0.000215
254 0.000215
3251 0.000215
3969 0.000215
2610 0.000215
3065 0.000215
1018 0.000214
1856 0.000214
355 0.000214
1523 0.000214
1819 0.000214
2897 0.000214
2335 0.000214
1751 0.000214
3635 0.000214
3714 0.000214
2983 0.000214
3191 0.000214
2165 0.000213
982 0.000213
2539 0.000213
2334 0.000213
3713 0.000213
4026 0.000213
892 0.000213
847 0.000212
1541 0.000212
3408 0.000212
2521 0.000212
2646 0.000212
3690 0.000212
292 0.000212
12 0.000212
3102 0.000212
2063 0.000212
3085 0.000211
2134 0.000211
2921 0.000211
814 0.000211
1806 0.000211
161 0.000211
1229 0.000211
2202 0.000211
2151 0.000211
1991 0.000211
2749 0.000211
822 0.000210
1379 0.000210
2386 0.000210
1795 0.000210
330 0.000210
3761 0.000210
3265 0.000209
2469 0.000209
409 0.000209
3835 0.000209
2741 0.000209
2173 0.000209
3856 0.000209
3820 0.000209
3748 0.000209
1567 0.000209
2783 0.000209
2603 0.000209
1935 0.000208
1127 0.000208
3497 0.000208
3275 0.000208
692 0.000208
2109 0.000208
1349 0.000208
668 0.000208
624 0.000208
608 0.000208
1997 0.000208
2773 0.000207
2010 0.000207
1155 0.000207
3662 0.000207
430 0.000207
1176 0.000207
793 0.000207
1686 0.000207
2161 0.000207
1565 0.000207
3706 0.000207
3025 0.000207
187 0.000207
387 0.000207
2341 0.000207
3743 0.000207
3725 0.000207
729 0.000207
1970 0.000206
570 0.000206
3141 0.000206
2086 0.000206
3046 0.000206
2115 0.000206
1276 0.000205
2002 0.000205
3779 0.000205
2485 0.000205
2417 0.000205
2861 0.000205
2751 0.000205
1369 0.000205
3142 0.000204
3643 0.000204
3079 0.000204
3783 0.000204
227 0.000204
981 0.000204
555 0.000204
2207 0.000203
1319 0.000203
1560 0.000203
1096 0.000203
2159 0.000203
1914 0.000203
1337 0.000203
818 0.000203
2690 0.000203
589 0.000203
398 0.000203
1303 0.000203
3634 0.000203
2806 0.000202
133 0.000202
3181 0.000202
3131 0.000202
2930 0.000202
3931 0.000202
130 0.000202
2596 0.000202
3997 0.000202
1673 0.000202
2267 0.000202
1866 0.000202
1910 0.000201
2765 0.000201
906 0.000201
583 0.000201
3534 0.000201
2647 0.000201
597 0.000201
1534 0.000201
3443 0.000201
3697 0.000201
2235 0.000201
2622 0.000201
845 0.000201
3346 0.000200
2717 0.000200
303 0.000200
3862 0.000200
1694 0.000200
231 0.000200
3395 0.000200
2467 0.000200
677 0.000199
1659 0.000199
1 0.000199
3719 0.000199
2261 0.000199
2401 0.000199
1209 0.000199
557 0.000199
2589 0.000199
3943 0.000198
2459 0.000198
1198 0.000198
1289 0.000198
2506 0.000198
838 0.000198
1318 0.000197
1859 0.000197
1493 0.000197
1279 0.000197
2931 0.000197
2062 0.000197
1357 0.000197
1925 0.000197
243 0.000197
2623 0.000196
625 0.000196
2023 0.000196
2945 0.000196
2583 0.000196
734 0.000196
2009 0.000195
3707 0.000195
2061 0.000195
661 0.000195
643 0.000195
615 0.000195
1314 0.000195
3601 0.000195
1923 0.000195
977 0.000194
2259 0.000194
159 0.000194
2478 0.000194
1375 0.000194
331 0.000194
738 0.000194
1026 0.000194
1539 0.000194
1226 0.000194
2421 0.000194
2743 0.000194
259 0.000194
91 0.000194
2343 0.000193
1758 0.000193
1747 0.000193
1766 0.000193
1030 0.000193
1753 0.000193
3759 0.000193
3554 0.000193
238 0.000193
434 0.000193
1315 0.000193
1123 0.000192
2046 0.000192
731 0.000192
3513 0.000192
2077 0.000191
2739 0.000191
2031 0.000191
1110 0.000191
2101 0.000191
1225 0.000190
1639 0.000190
482 0.000190
3259 0.000190
902 0.000190
3578 0.000190
2993 0.000190
1571 0.000190
2157 0.000189
2962 0.000189
3029 0.000189
839 0.000189
2970 0.000189
1677 0.000189
3473 0.000189
2813 0.000189
934 0.000189
1737 0.000189
487 0.000188
2027 0.000188
1327 0.000188
437 0.000188
3642 0.000188
683 0.000188
1653 0.000188
2237 0.000188
1299 0.000188
2823 0.000188
999 0.000187
863 0.000187
913 0.000187
1207 0.000187
501 0.000186
441 0.000186
399 0.000186
3670 0.000186
995 0.000186
833 0.000186
758 0.000186
2631 0.000186
755 0.000186
2329 0.000186
1402 0.000186
2225 0.000185
3549 0.000185
1470 0.000185
257 0.000185
511 0.000184
885 0.000184
3499 0.000184
1953 0.000184
1001 0.000184
3999 0.000184
662 0.000184
1170 0.000184
4009 0.000184
3569 0.000183
1582 0.000183
958 0.000183
2494 0.000183
3114 0.000183
3341 0.000183
1183 0.000183
99 0.000183
3047 0.000182
547 0.000182
627 0.000182
578 0.000182
659 0.000182
658 0.000182
1415 0.000182
2098 0.000182
2929 0.000182
3685 0.000182
473 0.000182
3979 0.000182
369 0.000182
927 0.000182
681 0.000182
2146 0.000182
3527 0.000182
1309 0.000181
3535 0.000181
3313 0.000181
150 0.000181
2829 0.000181
669 0.000180
1450 0.000180
3786 0.000180
1767 0.000180
1177 0.000180
777 0.000180
3510 0.000179
3837 0.000179
3957 0.000179
2653 0.000179
3774 0.000179
3062 0.000179
1778 0.000179
666 0.000179
1274 0.000179
599 0.000179
2577 0.000178
3377 0.000178
2474 0.000178
1421 0.000178
3555 0.000178
1803 0.000178
1382 0.000178
1425 0.000178
2418 0.000177
1538 0.000177
1553 0.000177
1306 0.000177
3775 0.000177
795 0.000177
2579 0.000177
1043 0.000177
1135 0.000177
897 0.000177
2486 0.000177
614 0.000177
2315 0.000177
2614 0.000177
1514 0.000176
3081 0.000176
3993 0.000176
675 0.000176
3158 0.000176
1313 0.000176
2650 0.000176
3203 0.000175
3909 0.000175
306 0.000175
273 0.000175
218 0.000175
195 0.000175
78 0.000175
2226 0.000175
1878 0.000175
3462 0.000175
1614 0.000175
3018 0.000175
3985 0.000175
2770 0.000174
3057 0.000174
3431 0.000174
1615 0.000174
1931 0.000174
367 0.000174
685 0.000174
1310 0.000174
603 0.000174
878 0.000174
2089 0.000174
2874 0.000174
3458 0.000173
714 0.000173
1074 0.000173
3301 0.000173
3463 0.000172
807 0.000172
3178 0.000172
2306 0.000172
1106 0.000172
1782 0.000172
4025 0.000172
4007 0.000172
3990 0.000172
1765 0.000172
1323 0.000172
809 0.000172
30 0.000172
1727 0.000172
3435 0.000172
1182 0.000172
1139 0.000172
3803 0.000172
825 0.000172
134 0.000171
867 0.000171
2713 0.000171
2349 0.000171
1889 0.000171
3285 0.000171
2445 0.000171
3757 0.000171
2170 0.000171
3618 0.000171
173 0.000171
1245 0.000171
543 0.000171
3739 0.000170
1138 0.000170
2011 0.000170
3271 0.000170
3105 0.000170
2681 0.000170
779 0.000170
1446 0.000170
1281 0.000170
3917 0.000170
3519 0.000170
3279 0.000170
2477 0.000170
861 0.000170
2803 0.000170
650 0.000169
3415 0.000169
2585 0.000169
835 0.000169
2835 0.000169
3225 0.000169
2345 0.000169
3785 0.000169
1429 0.000168
701 0.000168
3470 0.000168
3066 0.000168
1897 0.000168
2097 0.000168
1215 0.000168
3866 0.000168
3474 0.000168
1790 0.000168
3010 0.000168
3493 0.000167
789 0.000167
1543 0.000167
1246 0.000167
1098 0.000167
2633 0.000167
1957 0.000167
2618 0.000166
3482 0.000166
1873 0.000166
546 0.000166
1174 0.000166
445 0.000166
3547 0.000166
741 0.000166
2563 0.000166
1921 0.000165
3546 0.000165
1433 0.000165
670 0.000165
59 0.000165
1410 0.000165
2570 0.000165
1674 0.000165
2 0.000165
309 0.000164
135 0.000164
3645 0.000164
1197 0.000164
1706 0.000164
2587 0.000164
2627 0.000164
2639 0.000164
2933 0.000164
2711 0.000164
3874 0.000164
1629 0.000163
1815 0.000163
3579 0.000163
3465 0.000163
1903 0.000163
1891 0.000163
2499 0.000163
3490 0.000163
2489 0.000163
2902 0.000163
2450 0.000163
1877 0.000163
2497 0.000163
771 0.000163
2405 0.000162
2795 0.000162
1847 0.000162
1190 0.000162
3623 0.000162
909 0.000162
510 0.000162
857 0.000162
1035 0.000162
3221 0.000162
3509 0.000162
707 0.000161
983 0.000161
605 0.000161
623 0.000161
1062 0.000160
469 0.000160
635 0.000160
3845 0.000160
462 0.000160
3571 0.000160
3129 0.000160
2462 0.000160
2574 0.000160
1550 0.000160
3683 0.000159
1682 0.000159
898 0.000159
3679 0.000159
2242 0.000159
3602 0.000159
3563 0.000159
577 0.000159
3517 0.000159
611 0.000159
1015 0.000159
1167 0.000159
1911 0.000159
1115 0.000159
2426 0.000159
2222 0.000158
2887 0.000158
1025 0.000158
3014 0.000158
1130 0.000157
2197 0.000157
1606 0.000157
471 0.000156
2213 0.000156
3273 0.000156
2082 0.000156
1754 0.000156
3726 0.000156
3741 0.000156
3975 0.000155
1671 0.000155
2455 0.000155
778 0.000155
874 0.000155
711 0.000155
1285 0.000155
1499 0.000155
415 0.000154
1858 0.000154
1363 0.000154
3987 0.000154
2846 0.000154
1457 0.000154
2978 0.000154
3641 0.000154
763 0.000154
2775 0.000154
2217 0.000154
3041 0.000153
2819 0.000153
1054 0.000153
2210 0.000153
2465 0.000153
246 0.000153
1142 0.000153
4019 0.000153
1437 0.000153
1722 0.000153
1287 0.000153
582 0.000153
337 0.000153
421 0.000153
3459 0.000153
782 0.000152
2243 0.000152
1999 0.000152
3215 0.000152
3903 0.000152
1994 0.000152
2429 0.000152
742 0.000152
989 0.000152
2997 0.000152
2215 0.000152
3231 0.000151
2385 0.000151
1045 0.000151
3881 0.000151
1863 0.000151
2658 0.000151
2934 0.000151
601 0.000151
1535 0.000151
3595 0.000151
633 0.000151
1165 0.000151
2745 0.000151
3567 0.000151
3053 0.000150
3213 0.000150
2771 0.000150
3257 0.000150
2367 0.000150
769 0.000150
783 0.000150
2663 0.000150
1578 0.000150
1283 0.000150
1726 0.000150
2337 0.000150
2297 0.000150
598 0.000149
2391 0.000149
1702 0.000149
3498 0.000149
85 0.000149
2591 0.000149
1351 0.000149
915 0.000149
3223 0.000148
2085 0.000148
3929 0.000148
709 0.000148
3627 0.000148
893 0.000148
2286 0.000148
3319 0.000148
3646 0.000148
457 0.000148
3981 0.000147
2673 0.000147
1595 0.000147
2682 0.000147
3658 0.000147
3598 0.000147
123 0.000147
258 0.000147
2406 0.000147
3766 0.000147
2366 0.000147
393 0.000147
2918 0.000147
1743 0.000147
494 0.000147
3211 0.000146
645 0.000146
2473 0.000146
3303 0.000146
2425 0.000146
3171 0.000146
3023 0.000146
2870 0.000146
3394 0.000145
831 0.000145
1811 0.000145
3485 0.000145
55 0.000145
217 0.000145
3541 0.000145
1047 0.000145
647 0.000145
2029 0.000145
1695 0.000145
2179 0.000145
2854 0.000145
4013 0.000144
274 0.000144
2637 0.000144
1201 0.000144
222 0.000144
3626 0.000144
3802 0.000144
3155 0.000144
29 0.000144
2346 0.000144
3913 0.000144
3502 0.000144
3450 0.000144
3657 0.000143
2554 0.000143
1958 0.000143
1453 0.000143
1633 0.000143
2318 0.000143
3819 0.000143
1542 0.000143
3675 0.000143
1763 0.000142
2626 0.000142
1438 0.000142
3238 0.000142
1781 0.000142
1906 0.000142
1981 0.000142
665 0.000142
3013 0.000142
453 0.000142
2581 0.000142
3561 0.000142
3735 0.000142
3659 0.000141
730 0.000141
2807 0.000141
3454 0.000141
1719 0.000141
1638 0.000141
2825 0.000141
2818 0.000141
3533 0.000141
1311 0.000141
2845 0.000141
3379 0.000140
539 0.000140
3701 0.000140
955 0.000140
413 0.000140
103 0.000140
481 0.000140
2797 0.000140
110 0.000140
3306 0.000140
1513 0.000139
3399 0.000139
3539 0.000139
2513 0.000139
1171 0.000139
2697 0.000139
1169 0.000139
1537 0.000139
518 0.000139
1990 0.000139
2762 0.000139
1121 0.000139
2114 0.000138
2686 0.000138
1738 0.000138
2214 0.000138
1681 0.000138
3186 0.000137
3166 0.000137
3234 0.000137
626 0.000137
3591 0.000137
554 0.000137
753 0.000137
1350 0.000137
3762 0.000137
1922 0.000137
3911 0.000137
3813 0.000137
3669 0.000137
2701 0.000137
887 0.000136
873 0.000136
2693 0.000136
1989 0.000136
105 0.000136
3337 0.000136
2407 0.000136
2181 0.000136
4018 0.000135
143 0.000135
139 0.000135
1393 0.000135
519 0.000135
345 0.000135
949 0.000135
1325 0.000135
2198 0.000135
2789 0.000135
969 0.000135
1187 0.000135
290 0.000135
837 0.000135
2221 0.000135
971 0.000134
2735 0.000134
706 0.000134
2034 0.000134
162 0.000134
2979 0.000134
595 0.000133
799 0.000133
93 0.000133
2293 0.000133
1317 0.000133
2003 0.000133
2209 0.000133
451 0.000133
794 0.000133
1141 0.000133
3895 0.000133
1909 0.000133
418 0.000132
3138 0.000132
359 0.000132
3483 0.000132
1635 0.000132
919 0.000132
3390 0.000132
850 0.000132
1818 0.000132
1485 0.000132
3817 0.000132
3665 0.000132
3063 0.000131
2850 0.000131
178 0.000131
798 0.000131
3209 0.000131
1649 0.000131
66 0.000131
1963 0.000131
189 0.000131
2075 0.000130
682 0.000130
2353 0.000130
2390 0.000130
767 0.000130
3937 0.000130
495 0.000130
361 0.000130
75 0.000130
882 0.000130
1406 0.000130
3139 0.000130
354 0.000129
962 0.000129
886 0.000129
2779 0.000129
2953 0.000129
575 0.000129
3818 0.000128
39 0.000128
737 0.000128
2733 0.000128
2702 0.000128
2285 0.000128
1218 0.000128
2518 0.000128
3329 0.000128
1081 0.000128
2193 0.000128
3250 0.000128
3007 0.000128
3402 0.000127
2886 0.000127
1698 0.000127
1749 0.000127
486 0.000127
3815 0.000127
2113 0.000127
1774 0.000127
1585 0.000127
3135 0.000127
3123 0.000127
558 0.000127
151 0.000126
2851 0.000126
2547 0.000126
2058 0.000126
458 0.000126
622 0.000126
2402 0.000126
2667 0.000126
177 0.000126
2831 0.000125
1679 0.000125
3393 0.000125
3446 0.000125
167 0.000125
959 0.000125
3823 0.000125
1478 0.000125
1497 0.000125
1519 0.000124
2439 0.000124
3682 0.000124
765 0.000124
2525 0.000124
2737 0.000124
22 0.000124
3703 0.000124
1111 0.000124
1213 0.000124
3989 0.000124
3075 0.000124
2515 0.000123
3763 0.000123
1254 0.000123
3574 0.000123
2155 0.000123
298 0.000123
2830 0.000123
314 0.000123
87 0.000123
3778 0.000122
3103 0.000122
2110 0.000122
3489 0.000122
450 0.000122
3849 0.000122
3222 0.000122
357 0.000122
1657 0.000122
910 0.000122
3262 0.000122
263 0.000122
590 0.000121
2858 0.000121
3170 0.000121
2490 0.000121
1650 0.000121
979 0.000121
1451 0.000121
509 0.000121
746 0.000121
1626 0.000121
2609 0.000121
1219 0.000121
1223 0.000120
2859 0.000120
1907 0.000120
722 0.000120
73 0.000120
427 0.000120
489 0.000120
2791 0.000120
3237 0.000119
693 0.000119
3374 0.000119
1186 0.000119
3278 0.000119
3889 0.000119
3949 0.000119
2330 0.000119
2977 0.000118
551 0.000118
2025 0.000118
2935 0.000118
943 0.000118
2759 0.000118
994 0.000118
3614 0.000118
2314 0.000118
1419 0.000117
3205 0.000117
333 0.000117
282 0.000117
233 0.000117
594 0.000117
225 0.000117
3193 0.000117
1625 0.000117
2907 0.000117
2529 0.000117
1734 0.000117
1089 0.000117
1526 0.000117
2287 0.000117
1418 0.000116
2957 0.000116
2502 0.000116
1801 0.000116
2923 0.000116
2523 0.000116
3241 0.000116
3354 0.000116
3218 0.000116
3122 0.000116
1850 0.000116
1061 0.000116
126 0.000115
2057 0.000115
3663 0.000115
2606 0.000115
974 0.000115
565 0.000115
2889 0.000115
3318 0.000115
1875 0.000115
1531 0.000115
2479 0.000114
3622 0.000114
1095 0.000114
2938 0.000114
1033 0.000114
3289 0.000114
1723 0.000114
3773 0.000114
2677 0.000114
3661 0.000114
1403 0.000114
3898 0.000114
3322 0.000114
3126 0.000114
2435 0.000114
1249 0.000113
1566 0.000113
3503 0.000113
2379 0.000113
1293 0.000113
3857 0.000113
1934 0.000113
3583 0.000113
2761 0.000113
2387 0.000112
45 0.000112
3855 0.000112
2389 0.000112
79 0.000112
2055 0.000112
3083 0.000111
3769 0.000111
3630 0.000111
1202 0.000111
3373 0.000111
631 0.000111
2277 0.000111
1561 0.000111
362 0.000111
3863 0.000111
3522 0.000110
1398 0.000110
3421 0.000110
1870 0.000110
4037 0.000110
295 0.000110
574 0.000110
2705 0.000110
2415 0.000110
3325 0.000110
2070 0.000110
505 0.000110
3039 0.000110
2566 0.000109
3901 0.000109
1195 0.000109
2239 0.000109
3359 0.000109
2727 0.000109
2137 0.000109
3487 0.000109
3242 0.000109
1090 0.000109
2670 0.000109
121 0.000109
2731 0.000109
425 0.000109
3307 0.000109
3167 0.000108
2437 0.000108
2119 0.000108
1278 0.000108
3199 0.000108
2238 0.000108
467 0.000108
3827 0.000108
3246 0.000108
410 0.000108
1745 0.000107
1381 0.000107
1851 0.000107
1134 0.000107
2017 0.000107
1773 0.000107
2534 0.000107
1965 0.000107
498 0.000106
262 0.000106
474 0.000106
3607 0.000106
843 0.000106
351 0.000106
2687 0.000106
639 0.000106
1503 0.000106
341 0.000106
2105 0.000106
791 0.000106
3715 0.000106
939 0.000106
3045 0.000106
2106 0.000105
3343 0.000105
3157 0.000105
375 0.000105
174 0.000105
2562 0.000105
283 0.000105
407 0.000105
3407 0.000105
3383 0.000105
3789 0.000105
3050 0.000105
3694 0.000105
2703 0.000105
245 0.000105
965 0.000104
2557 0.000104
2809 0.000104
3069 0.000104
826 0.000104
49 0.000104
689 0.000104
2822 0.000104
2274 0.000104
1779 0.000104
3405 0.000103
3037 0.000103
2691 0.000103
3551 0.000103
2355 0.000103
3309 0.000103
426 0.000103
1846 0.000103
2373 0.000103
65 0.000103
3905 0.000103
3109 0.000103
2965 0.000102
3061 0.000102
4003 0.000102
193 0.000102
1422 0.000102
2805 0.000101
1933 0.000101
2162 0.000101
3430 0.000101
2799 0.000101
1458 0.000101
3787 0.000100
403 0.000100
3883 0.000100
3695 0.000100
3649 0.000100
3613 0.000100
3562 0.000100
3479 0.000100
1693 0.000100
2466 0.000100
449 0.000100
3382 0.000100
3923 0.000099
165 0.000099
2362 0.000099
2959 0.000099
3742 0.000099
2947 0.000099
1441 0.000099
1294 0.000098
1434 0.000098
1365 0.000098
278 0.000098
3894 0.000098
1885 0.000098
723 0.000098
2967 0.000098
3243 0.000098
411 0.000098
50 0.000097
3777 0.000097
318 0.000097
1843 0.000097
3621 0.000097
951 0.000097
1389 0.000097
855 0.000097
717 0.000097
2981 0.000097
230 0.000097
2255 0.000097
1829 0.000097
1407 0.000096
1247 0.000096
4033 0.000096
3654 0.000096
3194 0.000096
1105 0.000096
1002 0.000096
3189 0.000096
2503 0.000096
1942 0.000096
751 0.000096
3631 0.000096
3093 0.000096
2987 0.000096
3283 0.000095
3009 0.000095
3423 0.000095
2403 0.000095
3043 0.000095
2147 0.000095
3410 0.000095
933 0.000095
270 0.000095
146 0.000095
311 0.000095
2879 0.000095
102 0.000095
3770 0.000095
521 0.000094
3523 0.000094
3481 0.000094
2449 0.000094
1678 0.000094
3314 0.000094
811 0.000094
1869 0.000094
1670 0.000094
3286 0.000094
3173 0.000094
1005 0.000094
3067 0.000094
762 0.000094
702 0.000093
3897 0.000093
3294 0.000093
3603 0.000093
3190 0.000093
3878 0.000093
3409 0.000093
58 0.000093
786 0.000093
3058 0.000093
725 0.000093
2050 0.000092
937 0.000092
2051 0.000092
446 0.000092
3767 0.000092
1286 0.000092
3543 0.000092
3110 0.000091
1234 0.000091
3349 0.000091
38 0.000091
1978 0.000091
10 0.000090
3042 0.000090
1527 0.000090
69 0.000090
3371 0.000090
201 0.000090
1739 0.000090
2726 0.000090
2291 0.000090
2141 0.000090
1987 0.000090
970 0.000089
381 0.000089
3585 0.000089
961 0.000089
3530 0.000089
1053 0.000089
4005 0.000089
2571 0.000089
2678 0.000089
2709 0.000088
569 0.000088
3425 0.000088
2531 0.000088
1575 0.000088
2041 0.000088
1251 0.000088
1150 0.000088
2995 0.000087
1802 0.000087
2926 0.000087
237 0.000087
83 0.000087
51 0.000087
3566 0.000087
3751 0.000087
3814 0.000087
1203 0.000087
3326 0.000087
3121 0.000087
3361 0.000086
2310 0.000086
106 0.000086
2519 0.000086
163 0.000086
1477 0.000086
790 0.000086
2954 0.000086
1055 0.000085
3515 0.000085
2443 0.000085
813 0.000085
3447 0.000085
759 0.000085
1489 0.000085
3723 0.000085
865 0.000085
821 0.000084
1562 0.000084
1265 0.000084
1915 0.000084
2357 0.000084
54 0.000084
922 0.000084
931 0.000084
4011 0.000084
3919 0.000084
3639 0.000084
3749 0.000084
1050 0.000084
1073 0.000084
2893 0.000084
3357 0.000083
1607 0.000083
1517 0.000083
2067 0.000083
2891 0.000083
347 0.000083
2130 0.000083
3717 0.000083
3691 0.000083
1321 0.000083
761 0.000083
2883 0.000083
2707 0.000083
2311 0.000083
1241 0.000083
470 0.000082
663 0.000082
2898 0.000082
3130 0.000082
1042 0.000082
3151 0.000082
2982 0.000082
541 0.000082
3245 0.000081
2847 0.000081
3229 0.000081
2747 0.000081
3427 0.000081
3338 0.000081
129 0.000081
733 0.000081
3745 0.000081
634 0.000081
433 0.000081
1822 0.000081
1481 0.000081
2163 0.000080
877 0.000080
1759 0.000080
533 0.000080
1901 0.000080
2699 0.000080
905 0.000080
3581 0.000080
3531 0.000080
3973 0.000080
2941 0.000079
317 0.000079
3153 0.000079
3871 0.000079
2258 0.000079
1641 0.000079
3414 0.000079
985 0.000078
3666 0.000078
1266 0.000078
157 0.000078
3249 0.000078
2878 0.000078
3445 0.000078
1830 0.000078
2393 0.000078
3805 0.000078
1087 0.000078
3681 0.000078
3914 0.000078
3099 0.000077
3163 0.000077
1814 0.000077
1805 0.000076
1385 0.000076
205 0.000076
269 0.000076
986 0.000076
3401 0.000076
1618 0.000076
3671 0.000075
2790 0.000075
3254 0.000075
1982 0.000075
1930 0.000075
2530 0.000075
1077 0.000074
2251 0.000074
477 0.000074
991 0.000074
2234 0.000074
2882 0.000074
973 0.000074
3095 0.000074
2265 0.000074
522 0.000073
3133 0.000073
1039 0.000073
3091 0.000073
2721 0.000073
2671 0.000073
3594 0.000073
2263 0.000073
869 0.000073
3727 0.000072
690 0.000072
3991 0.000072
405 0.000072
1913 0.000072
2301 0.000072
3934 0.000072
1161 0.000072
1769 0.000072
1658 0.000072
3970 0.000072
3843 0.000072
2990 0.000072
1905 0.000072
3893 0.000072
247 0.000071
2685 0.000071
442 0.000071
131 0.000071
221 0.000071
621 0.000071
3210 0.000071
1178 0.000071
3197 0.000071
1069 0.000071
3441 0.000070
2917 0.000070
1397 0.000070
2826 0.000070
715 0.000070
3699 0.000069
2413 0.000069
3839 0.000069
2903 0.000069
1193 0.000069
2350 0.000069
338 0.000069
914 0.000068
3358 0.000068
721 0.000068
2065 0.000068
2621 0.000068
4006 0.000068
679 0.000068
2634 0.000068
3941 0.000068
2565 0.000067
890 0.000067
490 0.000067
3507 0.000067
2186 0.000067
2710 0.000067
1977 0.000067
206 0.000067
3755 0.000067
459 0.000067
2375 0.000066
3806 0.000066
3958 0.000066
1093 0.000066
1342 0.000066
3606 0.000066
2801 0.000066
3266 0.000066
950 0.000066
1057 0.000066
646 0.000066
3899 0.000066
1094 0.000066
3461 0.000066
1063 0.000066
3270 0.000065
2725 0.000065
1599 0.000065
429 0.000065
3771 0.000065
435 0.000065
1518 0.000065
657 0.000065
2837 0.000065
235 0.000065
3418 0.000065
229 0.000064
2723 0.000064
319 0.000064
89 0.000064
2769 0.000064
549 0.000064
3398 0.000064
3281 0.000064
3834 0.000064
2746 0.000064
2158 0.000064
1443 0.000064
2794 0.000063
2487 0.000063
2281 0.000063
2942 0.000063
802 0.000063
535 0.000063
382 0.000063
190 0.000063
1646 0.000062
3619 0.000062
3315 0.000062
3311 0.000062
478 0.000062
1949 0.000062
1883 0.000062
987 0.000062
629 0.000062
86 0.000062
1853 0.000061
2298 0.000061
1091 0.000061
2535 0.000061
1007 0.000061
2099 0.000061
2635 0.000061
3367 0.000061
3653 0.000061
3754 0.000060
1821 0.000060
3983 0.000060
77 0.000060
691 0.000060
3015 0.000060
3269 0.000060
2303 0.000060
4029 0.000060
4001 0.000060
2453 0.000060
710 0.000059
2249 0.000059
1817 0.000059
2834 0.000059
3457 0.000059
3678 0.000059
1295 0.000059
502 0.000059
2321 0.000058
2295 0.000058
406 0.000058
593 0.000058
2431 0.000058
454 0.000058
1013 0.000058
1387 0.000058
3953 0.000057
3537 0.000057
491 0.000057
1143 0.000057
3961 0.000057
117 0.000057
1474 0.000056
1771 0.000056
2641 0.000056
3477 0.000056
2427 0.000056
534 0.000055
1154 0.000055
3227 0.000055
871 0.000055
2383 0.000055
926 0.000055
1890 0.000055
27 0.000055
2019 0.000055
2811 0.000055
2245 0.000055
2270 0.000054
2182 0.000054
3963 0.000053
499 0.000053
529 0.000053
3235 0.000053
1058 0.000053
289 0.000053
2613 0.000052
3859 0.000052
655 0.000052
2021 0.000052
4034 0.000052
3977 0.000052
1950 0.000052
3333 0.000052
2961 0.000052
1401 0.000052
3389 0.000052
870 0.000051
735 0.000051
63 0.000051
3334 0.000051
466 0.000051
881 0.000051
3161 0.000051
1602 0.000051
1710 0.000050
1594 0.000050
46 0.000050
166 0.000050
1162 0.000050
907 0.000050
155 0.000049
34 0.000049
2166 0.000049
1501 0.000049
3887 0.000049
2895 0.000049
587 0.000049
2185 0.000048
1731 0.000048
293 0.000048
3165 0.000048
2305 0.000048
3954 0.000048
1506 0.000047
2205 0.000047
219 0.000047
386 0.000047
846 0.000047
3202 0.000046
250 0.000046
3637 0.000046
2014 0.000046
2766 0.000046
1023 0.000046
1887 0.000046
2177 0.000046
3159 0.000045
1439 0.000045
879 0.000045
2227 0.000045
2013 0.000045
3882 0.000045
95 0.000045
365 0.000045
895 0.000045
2015 0.000045
202 0.000045
6 0.000045
147 0.000045
1445 0.000045
61 0.000045
385 0.000044
3673 0.000044
3925 0.000044
2802 0.000044
2605 0.000043
3575 0.000043
1874 0.000043
1353 0.000042
3890 0.000042
3795 0.000042
307 0.000042
923 0.000042
2821 0.000042
3030 0.000042
3910 0.000042
3059 0.000041
2695 0.000041
1297 0.000041
3290 0.000040
349 0.000040
1490 0.000040
1631 0.000040
2899 0.000039
2922 0.000039
1354 0.000039
866 0.000039
3310 0.000039
858 0.000039
3865 0.000039
841 0.000038
379 0.000038
1498 0.000038
851 0.000038
301 0.000038
2262 0.000038
3305 0.000037
1394 0.000037
1961 0.000037
2599 0.000037
1301 0.000037
3317 0.000036
1486 0.000036
3003 0.000036
2838 0.000036
3939 0.000036
1103 0.000036
4035 0.000036
4022 0.000036
4015 0.000036
4010 0.000036
3922 0.000036
586 0.000036
2094 0.000036
1713 0.000036
3565 0.000035
2885 0.000035
1461 0.000035
305 0.000035
649 0.000035
2422 0.000035
1855 0.000035
371 0.000035
1414 0.000035
255 0.000035
241 0.000035
2454 0.000035
3978 0.000035
3370 0.000034
191 0.000034
1865 0.000034
125 0.000034
3589 0.000034
2522 0.000034
1411 0.000034
3965 0.000034
3175 0.000034
2481 0.000034
3765 0.000034
3582 0.000033
1701 0.000033
321 0.000033
81 0.000033
1838 0.000033
2178 0.000033
3494 0.000033
3094 0.000033
327 0.000033
894 0.000033
3686 0.000033
3733 0.000033
390 0.000032
3323 0.000032
2857 0.000032
3429 0.000032
179 0.000032
673 0.000032
530 0.000032
757 0.000031
443 0.000031
207 0.000031
2514 0.000031
671 0.000031
859 0.000031
71 0.000031
253 0.000030
97 0.000030
3946 0.000030
3781 0.000030
2541 0.000030
2382 0.000030
1579 0.000030
294 0.000030
182 0.000030
2767 0.000030
1697 0.000030
610 0.000030
743 0.000030
562 0.000029
998 0.000029
3217 0.000029
485 0.000029
2066 0.000029
1194 0.000029
1937 0.000029
935 0.000029
267 0.000029
2175 0.000028
854 0.000028
3597 0.000027
667 0.000027
1654 0.000027
3955 0.000027
2855 0.000027
279 0.000027
138 0.000027
3811 0.000027
1974 0.000027
3467 0.000027
2545 0.000026
1463 0.000026
2441 0.000026
2975 0.000026
1777 0.000026
929 0.000025
2358 0.000025
153 0.000025
2651 0.000025
3689 0.000025
1546 0.000025
1239 0.000024
1147 0.000024
571 0.000024
3801 0.000024
47 0.000024
2167 0.000024
1711 0.000024
1263 0.000023
785 0.000023
42 0.000023
33 0.000023
3879 0.000023
3854 0.000023
35 0.000023
183 0.000023
2963 0.000023
286 0.000023
1775 0.000022
1558 0.000022
70 0.000022
145 0.000022
90 0.000022
2971 0.000022
234 0.000022
1031 0.000021
945 0.000021
3807 0.000021
1151 0.000021
401 0.000021
1022 0.000021
1253 0.000020
1071 0.000020
699 0.000020
154 0.000020
2517 0.000020
1455 0.000020
3127 0.000020
3074 0.000020
3055 0.000020
2774 0.000020
3143 0.000020
2230 0.000020
1038 0.000019
2219 0.000019
750 0.000019
1346 0.000019
1521 0.000019
2998 0.000019
3942 0.000019
2505 0.000019
3875 0.000018
383 0.000018
1510 0.000018
1417 0.000018
1133 0.000018
3846 0.000018
3746 0.000018
3959 0.000018
3375 0.000017
3885 0.000017
3147 0.000017
2817 0.000017
1627 0.000017
1027 0.000017
2714 0.000017
775 0.000016
749 0.000016
2493 0.000016
642 0.000016
581 0.000016
3134 0.000016
1762 0.000016
1442 0.000016
1362 0.000016
1430 0.000016
1326 0.000015
1157 0.000015
1586 0.000015
1046 0.000015
891 0.000015
883 0.000015
875 0.000015
1797 0.000014
2722 0.000014
335 0.000014
287 0.000014
215 0.000014
210 0.000014
209 0.000014
114 0.000014
74 0.000014
43 0.000014
37 0.000014
18 0.000014
15 0.000014
11 0.000014
1233 0.000014
3282 0.000014
377 0.000013
2798 0.000013
2814 0.000013
1383 0.000013
3125 0.000013
1651 0.000012
1034 0.000012
3413 0.000012
2527 0.000012
1690 0.000012
3974 0.000011
3935 0.000011
3853 0.000011
3798 0.000011
3729 0.000011
3709 0.000011
3650 0.000011
3570 0.000011
3453 0.000011
3451 0.000011
3006 0.000011
1969 0.000010
1065 0.000010
801 0.000010
899 0.000010
674 0.000010
638 0.000010
613 0.000010
607 0.000010
602 0.000010
585 0.000010
1967 0.000009
1270 0.000009
2595 0.000009
2483 0.000009
550 0.000008
447 0.000008
358 0.000008
1755 0.000008
1395 0.000008
1854 0.000007
1262 0.000007
2442 0.000007
3230 0.000006
3183 0.000006
3071 0.000006
3031 0.000006
2842 0.000006
1834 0.000005
1581 0.000005
1466 0.000005
1386 0.000005
1206 0.000005
1145 0.000005
1119 0.000005
918 0.000005
911 0.000005
2569 0.000004
2470 0.000004
2457 0.000004
2269 0.000004
2195 0.000004
2079 0.000004
